-76
40
-83
59
-34
-29
-35
-59
0
1
-25
10
41
2
63
86
91
-22
-4
46
-8
32
62
-57
-36
-56
-91
52
-78
-6
16
47
100
-58
35
3
8
-19
-72
-20
-46
-63
-3
34
27
78
-75
-17
-84
-22
56
-70
94
-6
95
88
11
-44
-23
3
98
84
62
-69
8
-42
-66
4
-7
62
96
-21
-38
72
69
86
35
35
65
86
8
79
4
-50
6
-93
-1
82
-28
88
99
16
63
45
8
-68
18
49
9
-48
-53
2
26
-21
51
-29
10
-2
2
-86
5
-35
23
43
-5
-60
50
-95
-20
-17
69
-18
-57
81
-46
9
-23
29
-87
83
94
59
-57
-44
-48
33
41
-13
-55
-7
38
-24
99
77
91
97
-49
-96
-96
-47
-38
-40
-76
-5
36
30
-67
42
-17
-6
84
-26
-17
-64
-44
81
-19
56
-92
-48
-5
45
-89
-41
34
-12
-97
98
88
-70
12
47
-74
-27
-77
-84
-93
12
59
-41
39
-9
78
22
60
-96
28
47
-92
-31
41
21
5
-88
-50
-22
73
-70
-55
-17
14
-60
-79
-63
-17
-55
-51
13
94
50
96
68
-89
64
-75
20
78
91
-92
-71
23
71
-23
-10
-15
47
-75
99
-59
-38
37
78
27
48
-79
-18
29
-80
84
29
-31
-45
-91
-15
-42
-64
-65
-71
29
-40
99
-98
63
-84
77
-14
-44
-15
68
16
73
-29
-62
-93
-53
-48
39
76
57
-43
-48
60
24
30
-45
57
81
-46
76
84
-35
-48
82
-55
62
43
-55
81
-44
-90
-86
86
-93
-80
10
86
-46
43
43
-73
59
4
-11
-29
18
-33
-62
37
35
-67
22
-26
37
22
-31
-81
-28
38
37
-69
-19
79
-74
-93
-50
80
63
61
29
33
74
-1
35
-19
-33
46
45
-7
-90
66
-59
-67
-84
72
-4
26
83
-50
89
66
17
12
-83
-88
39
40
-33
94
-38
-85
-85
-8
45
41
94
32
-52
50
-48
-42
-3
-51
-71
-7
-12
63
-39
72
-35
-59
52
-50
-67
25
-52
-38
-53
19
-50
-19
-28
72
-14
12
-49
-40
70
-76
-20
65
-24
32
81
38
-27
26
98
49
52
89
-13
-98
-59
78
-47
43
85
-95
73
0
44
23
-25
48
3
4
-36
-8
63
53
55
92
94
46
-55
-64
38
93
-55
31
-77
89
-16
24
-90
-37
36
-14
-42
-23
-90
-81
23
7
-86
22
4
73
84
-52
100
-36
0
2
61
-28
-8
76
-91
-90
55
91
-29
-95
55
28
65
50
-42
97
-35
-73
77
5
-27
84
-72
54
12
93
68
52
-87
-46
17
32
18
77
-87
-85
-81
18
-56
82
74
-41
64
-65
70
100
-66
90
-7
81
-92
99
66
-11
41
38
-34
24
27
59
-69
47
75
71
33
49
43
38
32
50
2
-88
-15
-6
53
-6
-99
-78
-92
-86
-17
91
-18
26
99
57
77
0
79
-76
79
19
78
43
25
-28
-73
74
-49
-80
-83
-59
91
-64
22
52
-40
54
-55
-1
-44
-79
-27
-97
-33
10
8
-79
-46
17
63
-73
73
72
69
36
-70
77
-18
25
-37
-97
-81
-17
25
64
53
26
53
-77
-27
-76
9
28
-96
-22
17
-44
82
-64
17
57
43
35
-58
88
-18
52
19
82
26
67
-100
-76
36
39
86
-32
-66
-85
12
88
79
-4
92
-64
88
24
86
-99
-12
-34
6
67
25
-27
18
-27
96
-98
32
3
-10
-40
-6
74
35
67
-30
13
40
92
-9
84
-70
-54
95
66
-93
-11
82
-29
-65
-91
-78
68
-96
-95
11
-20
-95
-100
-58
-84
51
91
71
-6
-35
67
-33
16
-64
24
7
57
84
-86
94
-19
28
30
-84
20
49
77
43
-60
48
6
-71
56
-16
86
-33
-6
-85
7
62
-72
-94
-71
-9
-90
-94
-89
48
60
-10
27
-100
62
-65
-34
17
37
-8
-14
87
-89
-7
82
94
64
-66
-18
36
39
5
65
3
90
61
-39
-41
-5
43
-98
-77
-25
-6
33
73
-4
-78
-53
44
-79
92
-76
35
-92
-67
82
29
-96
-56
2
46
71
31
-3
91
9
-2
91
-44
-30
65
-48
-82
31
-34
-91
-59
71
-25
-22
70
-32
11
90
5
-43
-91
-80
34
-26
1
-87
-50
57
13
84
55
-40
-11
-2
97
67
95
-70
68
-63
-85
-18
54
0
-5
-35
96
-39
-38
-81
51
-79
-20
25
26
-74
27
93
-40
-70
-52
66
34
-22
64
-84
-3
23
91
-59
-37
19
-9
-26
67
0
93
0
-70
41
91
-83
11
96
-46
-96
-76
-94
76
-34
76
-19
19
-43
-49
99
-78
47
94
13
19
38
-50
-28
45
11
53
57
66
-35
9
64
96
-86
3
-91
-62
87
-6
-16
16
31
-1
83
56
-7
51
29
-35
-9
29
55
-27
46
-87
40
-41
38
-49
54
-1
63
89
45
-87
-11
-30
-75
-27
-39
-94
28
-37
94
-96
51
92
59
-40
8
-7
91
6
36
32
-36
42
50
-33
-47
71
5
-40
-51
-9
35
1
51
24
31
75
27
-55
-42
-34
-83
-86
-30
59
-39
-70
71
62
-78
58
-49
-60
5
45
-31
100
-5
93
85
48
62
-75
-95
-27
-31
39
-59
93
10
-71
-26
-12
-95
36
-22
-96
-73
-25
-94
-73
40
53
-58
37
-42
69
-32
70
53
-57
43
79
-24
-25
100
-13
-41
-67
-39
26
35
-41
97
20
-30
72
93
-75
-50
3
-9
21
-39
61
17
-82
38
-35
-58
-91
81
83
-42
12
28
-92
-62
-91
-11
-83
-20
-23
70
61
-60
-72
16
-22
-75
85
22
16
10
41
-19
-23
96
93
50
4
-13
-44
-37
8
12
-13
18
-4
-18
62
-82
-55
27
-34
2
80
82
65
0
-14
-29
-76
90
-93
40
6
86
-45
92
-5
85
2
-63
-66
-21
-95
-23
13
-79
69
-33
17
-77
75
-2
-15
69
38
91
-95
53
-7
-44
-71
-22
-23
43
-88
-73
100
83
80
13
69
-19
-4
7
57
-88
-16
32
79
-1
-32
-57
80
9
-25
97
91
37
43
91
-61
13
-39
35
94
-89
-92
24
52
47
-51
64
-44
-89
7
80
95
92
23
-54
23
47
5
-43
-49
-68
-46
91
93
45
-21
-68
32
-51
-92
-27
25
64
40
-28
85
-54
81
-85
0
-72
76
76
-58
35
52
98
29
96
16
66
-20
-57
65
-89
-1
-35
-61
-13
42
55
67
28
36
59
75
25
-94
-5
98
5
41
29
-63
-30
-63
62
72
-48
-83
74
47
-52
22
-31
53
88
-51
-42
15
69
-34
93
23
-98
-99
90
-94
54
-45
-26
-81
-35
86
-5
49
-35
-2
93
70
-85
-76
43
-26
81
51
-69
-11
12
6
-30
-4
60
-32
-64
-62
-100
-45
3
-51
87
49
4
-90
-20
-33
17
-81
-83
1
96
73
-79
48
46
65
19
-58
-53
-56
-91
64
-21
-45
48
5
42
-38
-31
60
44
-73
-71
61
42
19
31
97
66
71
-18
-17
37
-66
78
-84
-47
46
-82
84
72
-43
-97
-32
-37
73
74
-99
39
45
97
-35
-46
-28
12
-99
-37
-89
-48
-62
26
-38
-96
47
63
71
91
68
48
18
-66
50
-46
-75
-66
90
73
-64
80
-59
83
50
73
91
-78
77
62
-73
66
-30
-43
70
27
-7
56
-48
-13
-81
-26
-46
61
-79
91
60
-12
-4
67
-33
-6
100
-30
-38
29
-37
-39
-46
-80
-97
7
13
-55
51
30
-64
16
-51
18
-97
20
19
7
-24
72
-89
-68
53
-22
-81
50
-65
60
-75
-76
13
44
-98
99
-15
67
96
-64
61
68
-61
86
-22
62
32
54
-39
10
54
-75
25
18
-19
-77
13
-16
-5
-18
16
100
-14
-92
9
4
93
2
18
-87
51
-80
-9
54
-95
93
95
-66
-63
17
-74
-88
-34
28
40
-19
10
-16
28
46
95
-71
21
3
94
41
-48
100
-2
71
-27
-62
-99
42
32
-51
60
-90
-46
10
-77
14
73
94
-92
13
0
-2
-87
98
-13
86
31
-5
57
-74
-74
-60
-40
64
74
-68
-42
89
97
89
65
-68
63
28
-34
-31
-81
44
36
-27
-10
24
99
54
-31
-84
-21
-17
94
-64
43
57
6
28
-98
-41
49
-70
-34
-31
-2
-44
84
53
-51
7
57
-18
35
-96
-21
41
-23
6
-13
-92
-11
-84
22
14
62
66
97
49
53
-10
-36
58
10
-85
49
39
83
42
-13
35
-94
-81
68
46
58
80
98
80
-9
-77
-1
55
13
2
-41
30
31
-85
-38
67
-20
-57
17
-87
14
-31
-85
96
48
79
-66
64
-16
-41
-85
6
23
45
38
97
74
-2
25
-28
86
-70
94
94
-43
10
-35
30
-42
62
-89
-39
-89
-19
65
69
67
-88
-54
-93
82
-95
-64
40
48
78
-88
20
-37
-27
-38
10
-30
51
44
-100
15
26
-28
24
-56
77
72
-80
54
-5
-85
-18
-95
-72
-48
94
67
71
-88
87
-63
-32
82
-81
12
-23
97
-64
59
23
12
-59
-63
12
-100
-72
4
-24
91
-5
-63
-58
-19
-43
71
78
-68
0
-26
65
25
58
80
-92
-63
100
-29
98
-90
-92
84
-83
-77
-37
57
-51
-84
-80
76
51
87
68
-41
-32
-60
10
-47
2
-39
1
-65
90
99
-40
-43
-15
64
99
72
33
95
-21
18
-65
25
-77
31
-22
-99
-50
55
27
25
40
46
58
-10
-60
-4
-8
-77
16
-68
48
-74
-81
-12
87
81
21
67
-44
64
38
-35
13
58
-60
-95
-5
-99
-26
94
-44
-99
86
99
-70
-77
-81
59
-88
-86
20
-19
59
-22
-43
-99
-36
-34
-42
-99
18
87
-88
41
10
82
78
57
48
58
64
54
4
14
9
83
52
66
-80
38
-3
68
-37
-30
28
62
-100
84
-65
-13
27
-1
1
32
54
-33
35
65
47
-58
-87
-84
86
95
-90
-37
-85
-67
-78
92
-40
56
-72
-57
63
26
15
-43
71
-67
-18
-93
-77
2
-28
-69
-94
-34
-48
-33
64
-68
-33
32
30
70
-53
54
100
-63
-56
-85
-25
3
-58
-40
-78
74
49
-75
44
41
10
-35
85
-46
42
51
77
44
-94
78
32
-44
3
73
-8
-1
79
97
95
63
37
-8
15
34
-98
55
-57
71
-36
4
31
-72
-2
82
-11
-76
12
-95
27
78
-49
-11
-52
-58
-54
41
-73
57
-19
71
97
95
100
-38
-38
35
58
-94
-22
29
-9
-12
-52
94
30
70
-55
-37
74
-77
18
42
-2
58
11
-84
-72
-85
21
32
5
48
64
75
-33
63
41
-38
-88
39
97
-40
22
-40
-63
40
-19
81
-17
-80
25
-10
54
63
85
-54
64
-43
79
-51
-42
49
-46
62
19
-32
-39
94
-68
-81
48
-36
13
22
-17
56
47
35
-32
88
-3
-43
61
-28
75
-36
86
73
-78
-97
-99
-9
-67
42
-59
49
-24
40
98
-22
69
-85
-30
48
88
13
35
-20
-80
-23
8
-3
92
51
-82
-65
28
14
-36
13
57
37
88
34
47
87
14
-66
55
-70
-92
55
27
-90
62
5
-46
56
-50
27
-48
23
-89
-43
-85
99
11
10
-84
52
-32
-1
-41
57
17
-68
41
42
-19
96
-93
-4
53
-34
-87
54
32
-41
-25
91
-70
49
28
-41
-87
-37
30
93
62
-37
32
46
40
-16
-17
-63
74
-98
29
-60
-100
22
63
-23
-32
57
-80
47
54
-69
36
-61
-31
51
3
-48
97
3
-33
-75
-10
24
-76
-37
-2
-28
59
-41
6
26
-72
-54
96
-28
49
-11
-79
7
-78
70
-33
-26
57
4
83
-3
-49
13
-90
12
-95
4
28
92
58
-54
99
-20
-32
77
-91
-72
-81
82
3
49
0
28
18
-74
56
39
-20
14
12
93
35
91
76
-5
-97
30
-58
-50
-85
-51
-65
-3
-79
68
50
17
45
-31
68
34
-69
-50
-52
-62
-43
-100
-56
-40
4
58
89
-73
-7
57
-76
-9
50
81
-9
48
-18
93
56
78
-96
33
-47
-8
48
43
42
-18
91
-62
-45
76
84
29
-11
71
95
1
-12
-20
10
-89
-82
56
43
30
63
-24
-36
-37
-85
85
59
90
-97
77
-71
44
12
-88
-26
59
54
-16
91
67
56
-71
-46
-80
-7
-50
-75
75
92
99
-77
-37
84
35
-66
-62
-24
14
-51
-80
-60
32
86
42
18
-80
-80
-53
94
99
75
9
-5
37
-52
3
-67
26
-20
80
8
-80
61
-91
14
59
31
20
-22
-91
-68
16
85
-18
38
-8
75
-84
100
-85
-43
67
0
-14
-53
63
63
76
55
-29
64
-53
-72
86
-25
-1
-95
-75
-91
-55
-87
95
23
-33
3
70
-73
-21
-19
-42
-71
50
-39
76
86
82
-15
-53
-98
-68
-10
78
64
-36
27
-9
-14
-88
-59
72
-72
-17
35
-9
-53
66
-70
73
-36
-96
-55
34
42
-61
35
41
83
-91
-72
-96
-29
-42
91
-75
36
-87
28
21
-83
-54
-20
-83
10
21
15
78
56
68
-79
-70
54
25
-19
-94
21
-49
-61
69
-75
79
-17
28
39
46
46
-89
2
-47
-43
39
-84
-44
2
17
7
-61
-94
27
-44
15
-28
-66
-44
-85
41
21
97
27
93
-85
82
12
76
-37
40
-40
83
47
12
55
-41
35
32
-61
14
-5
13
58
-64
-41
88
60
21
-95
44
27
10
-41
-33
-100
-1
-33
-83
34
-20
51
72
8
94
-7
51
-87
1
-1
-37
96
-29
88
-81
37
-18
-20
-50
69
-88
49
-3
63
90
73
36
-7
63
-96
-6
13
-29
69
83
73
-100
30
36
-76
83
58
-77
-46
29
-97
98
-26
45
21
54
37
-80
15
-34
39
-20
17
-34
23
-74
63
57
31
76
51
39
-13
38
40
-72
-38
75
31
-65
-26
-70
74
62
13
36
87
29
85
-17
21
100
3
75
-30
45
56
-90
-50
-61
-28
-21
0
-44
-49
23
75
59
-25
58
83
-28
81
-33
-73
-9
-64
-97
-93
-74
43
-34
22
-89
47
-20
99
3
-96
-18
-62
-13
-26
-71
5
-18
85
11
63
51
-88
5
-92
12
-46
-99
-74
100
-50
-36
25
91
-60
-93
11
-48
27
37
11
-40
66
1
-75
95
77
60
3
20
83
87
-8
-91
-87
62
-26
50
-92
16
10
38
-40
17
66
-91
-18
-81
3
-77
33
-68
-68
-67
-67
93
1
-6
-64
83
31
98
96
45
-86
89
27
-36
19
44
-6
-74
-6
100
-94
-23
13
90
48
-82
33
-98
95
32
15
-4
82
13
-81
-92
68
29
-70
-38
59
64
-91
75
96
-85
71
85
11
-96
84
25
-62
94
-34
-84
-68
-12
80
83
100
77
-43
33
-44
35
86
83
55
20
64
-50
18
-82
40
-23
-16
35
2
8
13
73
-36
33
48
-86
22
17
84
17
46
-80
63
-23
64
-73
-61
-10
-29
-84
-16
38
93
-39
76
88
56
-83
-48
54
51
-32
-49
68
-21
-14
-2
-71
-98
84
-89
85
-41
-45
-93
-30
32
-53
-63
-10
-75
-43
-48
75
26
4
68
-12
32
-2
74
-53
-83
-33
73
89
54
6
52
-74
-56
57
2
14
-62
21
87
-17
-28
25
23
-27
73
-87
-98
-3
99
-72
-44
90
21
72
-57
92
23
45
-56
98
58
-71
3
68
-63
-52
14
43
43
-45
61
-13
18
-73
-51
35
48
20
-4
47
44
-9
27
24
-38
-49
-98
56
-26
-91
41
-55
43
5
46
39
-29
63
9
-57
-27
-28
94
7
54
-56
54
32
77
81
17
12
52
56
-16
14
-18
-44
37
-97
60
66
94
-13
9
-76
-54
-60
-30
-12
-89
-61
66
0
57
-95
-87
21
-2
95
-76
4
-63
42
16
23
75
-89
37
30
52
-42
-47
-45
-17
-44
38
-83
30
68
75
-9
-95
-45
-90
-60
83
-92
-44
-30
74
14
26
-81
26
87
49
22
-3
93
-6
56
-85
4
-33
-9
-10
-61
-64
69
39
7
-70
-28
-80
-76
39
-36
28
-46
-81
84
-56
83
-29
-31
22
99
17
25
-9
39
80
95
-45
-61
-36
41
-90
-80
-29
-32
-24
100
-28
-94
13
58
-84
93
-11
23
-35
-4
21
-75
-11
93
83
82
46
-97
-35
86
51
96
-6
-28
-44
-66
-78
25
-76
-73
-51
-15
94
-30
-85
-84
53
81
11
45
93
-61
38
-11
41
-53
78
72
75
-44
-77
-17
29
48
16
-65
-50
-74
-87
70
-5
-57
-53
24
-85
64
-39
26
-11
51
5
-17
66
-13
79
-82
-25
26
69
25
26
-4
-94
69
43
-8
43
9
90
-37
3
3
-42
98
53
68
48
92
62
71
-99
6
5
-84
-38
-57
12
24
34
66
3
1
56
41
-22
17
46
-43
-94
-63
-58
-92
-1
-99
65
36
-38
-41
55
-69
24
-9
-96
41
-97
-46
-66
57
100
-32
37
-10
20
-27
7
-5
0
-22
59
-70
68
35
79
-85
-17
-21
11
-73
62
-80
-80
-59
23
-16
-95
5
-11
-80
32
88
42
53
-69
-70
-78
-38
99
-21
-51
92
-58
49
-56
-9
69
-42
87
70
20
-9
-76
94
-19
52
86
-73
38
41
15
-16
-59
13
-98
50
-84
37
-69
91
-100
-53
-73
-48
-94
-84
-39
48
74
54
82
78
-49
37
69
67
-81
-17
-28
-61
11
-34
43
-3
-24
64
-99
36
-89
-97
-59
-7
87
-7
-38
-72
64
-54
48
-43
-35
-97
26
86
-11
-33
94
-82
2
97
21
68
3
-54
64
-12
5
-46
-85
-34
-99
-59
62
54
-19
-55
-43
69
71
48
-85
-93
-43
69
-24
87
97
-34
-42
78
-31
-34
9
-39
12
-38
-2
-99
-82
96
-68
12
100
-13
-24
-10
-29
4
65
-19
-45
96
-71
-73
-92
-92
-56
-85
21
-17
-14
-45
-29
-41
-79
29
-66
-14
-89
-100
4
-96
-89
-82
-66
-17
-44
81
-31
7
-39
24
-40
74
-16
20
-12
61
-53
-2
83
95
-57
-15
78
66
-86
-85
-80
-89
16
-77
-19
-1
-6
80
95
76
77
-9
35
-42
78
49
68
87
-29
-16
-2
24
-56
-90
36
-45
-60
2
-12
16
20
45
65
66
-35
59
36
-3
-8
-20
45
-8
49
93
-85
-7
-32
54
-41
-20
94
97
-23
-96
38
95
24
89
3
-90
-59
74
59
-1
58
59
-39
39
-71
95
-9
-62
85
15
-95
75
13
-92
43
47
-57
-69
-52
65
41
-72
-6
7
-70
-47
-19
-34
-32
76
-51
84
-10
-67
3
73
-31
-5
74
-84
39
31
12
-27
-15
36
63
-53
65
99
-36
-65
30
-37
58
55
-4
74
-11
-46
-81
33
-19
33
-31
7
61
-23
31
82
-88
5
-10
-49
-35
-12
88
80
-76
38
-21
-38
-97
10
90
48
27
-40
-18
4
70
-65
-96
-29
30
61
7
-62
14
25
-54
-38
-60
-49
27
-22
38
-15
47
-63
71
79
60
62
-71
-60
79
-39
-71
59
-49
-10
15
-47
-72
9
-23
-32
77
2
58
-50
-53
-4
-81
71
46
-94
-5
1
69
22
56
46
51
55
91
-89
76
-77
30
40
70
82
5
68
-84
2
58
-91
19
-96
34
34
-89
63
48
22
-27
83
-75
-40
93
68
-47
60
57
10
-18
-23
-19
-69
91
89
49
-23
16
91
38
-42
-10
-4
66
24
-53
65
-91
-84
16
41
83
-8
-80
18
-80
18
18
-77
16
-31
-7
-25
50
-20
-33
20
5
59
-24
-20
-11
-14
0
98
-2
12
-86
50
-72
61
73
-61
16
82
43
36
21
-25
-93
-11
-84
-86
-19
17
31
51
65
-76
42
18
34
-30
97
65
86
67
11
21
-88
95
-64
-68
-75
-65
-23
82
59
-55
-46
-44
78
-63
16
-27
-69
58
93
-81
-74
81
-39
24
-98
19
38
-96
-65
20
92
91
27
91
-6
40
29
-21
45
-35
-83
78
-32
44
50
-87
35
91
42
-6
4
-60
0
-34
-90
59
-72
35
59
-26
64
-59
-50
2
-24
-62
-24
-79
-15
51
-100
9
21
37
-23
79
-80
-28
10
-17
-86
-44
70
-19
-80
-76
79
-50
78
-15
88
-52
66
12
5
51
-14
-44
-15
7
39
35
-33
95
43
20
-55
72
38
-85
-78
-100
-81
-70
36
59
-65
-95
-69
40
59
87
14
-13
73
10
16
-41
71
-29
72
69
-77
-4
-9
-83
11
-19
-42
-49
18
75
54
67
57
85
-86
7
79
37
-17
-93
-93
-98
51
-10
47
17
55
-57
41
-69
12
41
-84
-25
31
-66
-33
-48
96
-47
-51
-32
-57
86
-86
30
-91
-10
-8
-12
28
72
51
-2
-29
-55
-21
-27
17
-17
-94
44
-94
-35
-73
63
-59
-17
-68
25
53
-44
59
37
78
54
-31
33
96
53
1
-69
94
10
61
-10
36
13
77
-82
86
58
-25
-15
-71
-31
19
-4
-96
-97
-45
8
54
-8
-44
13
-42
-49
-52
17
-59
-30
100
27
-25
-74
-2
80
34
62
30
29
72
-61
-5
73
-70
-93
-66
-74
100
41
-12
-71
79
82
77
36
-61
-36
93
-43
-14
-5
-62
62
67
55
72
97
-25
-24
-12
-82
-38
-70
-57
-21
26
2
37
59
-10
0
-16
25
-10
11
-40
-61
-72
38
-59
71
78
73
-83
-53
-80
53
-97
-92
31
-79
76
-48
57
-78
-31
-29
-65
27
-82
-59
76
26
57
-13
-19
-16
79
63
36
62
91
-23
-85
56
-94
24
-95
-49
-60
-1
43
-41
50
-33
29
-18
55
83
44
39
37
-81
60
-46
83
58
-29
-97
-94
-91
82
100
-7
52
3
10
100
22
-27
44
78
-40
-73
21
-91
-82
44
-93
25
1
75
-7
-2
-99
-86
11
-3
40
0
39
53
-36
89
20
65
46
-3
70
50
94
33
46
27
54
-84
-54
96
60
19
-74
51
75
79
7
-29
-11
-63
-94
14
-40
-11
78
43
36
42
0
-45
-73
-99
66
-6
74
22
-90
25
-72
18
53
48
38
9
-73
-26
47
42
-98
93
7
-23
89
48
-12
16
-31
62
-94
37
-6
-42
-22
39
-14
30
-51
-36
27
-1
83
-1
46
94
24
5
-11
95
14
32
-99
84
90
-27
-25
-86
-86
-16
3
16
-75
75
74
22
95
-8
24
-4
-85
-63
62
-71
-19
94
-76
-58
-42
19
-7
77
-59
92
33
-23
-83
-19
71
-69
27
-50
-46
4
94
85
-7
-89
-48
15
-80
2
-54
-12
33
-78
36
-71
-67
-42
-54
3
-22
77
9
41
-7
-40
-30
-10
-19
-35
-32
33
-51
-59
-60
-40
44
62
90
32
-31
-60
-75
-75
-55
-23
-87
-63
19
-89
48
-58
97
36
62
78
41
-64
74
92
-59
-53
59
54
87
-16
19
48
-47
100
64
68
21
28
-48
20
-33
79
3
17
-95
37
79
77
97
60
70
70
65
-22
62
88
27
-13
-55
57
24
17
45
-60
12
53
45
87
72
-11
54
74
76
26
66
57
-88
67
-32
-39
38
16
27
95
-40
0
-77
-40
74
-28
29
66
92
-97
-76
-1
23
-26
16
-14
-76
-83
-27
-59
94
43
-18
64
96
-38
38
-82
-90
90
-45
-19
64
-60
17
9
34
-91
-66
89
-12
-90
62
-38
-22
-89
-25
-79
-78
97
-97
-9
-31
14
-49
-45
69
-66
-53
-28
36
70
-79
96
40
-19
-37
-2
9
27
-63
1
-26
1
89
96
-41
-39
-8
-11
54
-50
-5
98
-34
79
-14
-46
-21
-49
65
96
33
7
-62
-63
-7
-13
-47
-36
-2
-76
18
17
83
68
80
53
-58
-87
-57
-23
50
-1
4
-67
71
-85
-100
51
-48
-91
-48
63
-5
19
-41
15
77
-4
-41
75
-3
-82
31
-35
35
-3
-4
-44
23
1
81
97
-96
46
15
99
0
-2
29
10
52
-37
-4
-15
0
-57
-35
62
34
47
-9
-97
16
-69
-92
88
-78
-84
41
-94
-40
-47
-60
59
-82
-71
-44
99
-45
99
-80
41
83
62
-19
44
82
45
56
-38
-59
-36
-73
64
-42
39
-59
-53
17
3
24
95
70
-81
-15
-90
-83
-44
-43
-22
-58
28
-45
86
55
19
11
-26
-14
52
-69
97
-71
76
92
-41
64
-9
-22
50
49
51
85
-91
-26
-59
-94
-62
-100
31
63
67
35
85
-8
-81
-84
54
37
58
-93
73
-19
3
-98
79
-6
44
-93
-13
-62
-76
-96
-4
-47
53
85
-63
-87
-14
23
-77
-28
0
-99
32
68
45
5
22
26
-75
27
72
-85
-82
-30
-61
-45
-42
27
-46
87
-55
-14
81
43
-99
34
-1
-19
-6
74
69
-62
97
-65
-8
54
-13
-95
48
-96
-72
94
40
-91
46
89
22
-28
-27
-88
50
-1
74
56
-9
43
-74
31
13
-90
31
27
67
-74
-58
79
-24
48
-22
-76
38
66
-31
-54
-9
-89
55
3
2
-63
-70
-72
-72
12
-90
51
34
-32
93
-67
38
46
41
-58
-44
57
7
88
55
-6
47
-22
-31
-96
-76
-64
87
97
71
-47
73
65
97
2
-18
-51
-6
20
-75
31
20
-96
17
27
28
-27
-93
31
-51
79
-92
57
-71
5
29
41
39
80
-68
13
11
59
-78
-19
-47
8
86
27
27
14
77
-3
38
32
92
92
11
-87
27
18
15
-46
-31
-92
8
77
68
18
89
-85
66
50
88
-26
43
-70
28
-24
32
-64
-64
79
75
-50
-82
-89
-3
12
63
-20
17
58
-46
-63
-90
-60
-44
62
-89
-25
69
53
85
-10
-51
-23
53
-26
-4
-56
-67
45
38
-65
88
15
-60
-100
10
-59
77
77
56
-71
-65
31
52
-89
-45
-81
-30
98
-74
-67
-9
-39
4
-22
72
90
-65
93
17
23
69
1
8
5
-72
30
-73
6
93
86
-90
-75
74
21
91
22
-90
-35
-18
70
88
-57
69
-77
-3
16
74
-70
-42
-75
26
60
91
81
77
95
55
-100
56
-18
-74
28
