-27
21
24
100
66
-96
5
-41
-56
85
45
-91
-36
6
38
-69
33
6
35
100
26
94
75
19
25
-28
62
98
15
50
55
17
-34
52
-61
11
48
-16
-52
-45
26
-38
35
-17
2
52
36
-55
28
49
91
8
-53
-9
71
38
96
-32
-99
-39
-96
-46
-73
43
81
63
-80
63
31
-42
90
83
63
-73
-45
88
57
-51
63
62
-86
74
-58
-13
96
-28
-61
53
16
44
-33
49
-24
74
100
20
35
96
68
-86
-21
16
48
-9
-36
-51
95
0
-65
55
-27
21
-33
-4
-16
35
40
-43
72
-40
-90
-84
-62
20
-58
41
77
11
26
-77
-45
36
-45
99
70
-43
-61
23
-3
33
-3
29
43
79
-54
92
65
71
-90
-29
57
-41
-86
80
97
-66
5
82
-79
83
-11
-69
-22
-66
83
-74
51
54
-49
20
-53
56
-89
-23
59
-64
64
23
-73
46
-65
71
-49
45
-60
-56
25
-76
34
82
54
-37
-77
63
59
-82
71
14
-68
-5
80
56
55
-30
-54
-62
23
72
69
-60
-26
-95
9
91
-19
1
9
-36
-7
-16
47
-60
-64
50
35
55
-44
-75
17
-50
47
68
-23
41
-14
-85
-53
-95
-10
-45
25
65
-89
-71
90
-85
11
-61
-79
63
-38
58
19
2
80
-86
46
-52
1
-57
-50
-17
-35
45
-99
27
47
-47
25
-93
50
-97
-28
-61
-46
-70
90
26
-77
-2
-98
-72
-12
-52
-69
75
-34
-98
26
-78
-35
-20
-37
5
48
69
67
-52
31
92
60
-34
73
38
-28
65
96
17
-18
94
3
69
0
21
-98
44
1
71
3
-11
-2
59
27
65
-34
94
-82
-24
-87
-16
3
-58
43
-56
-22
-75
-84
-40
-19
-18
20
-99
-19
27
45
-71
92
-86
-7
-17
79
-13
-12
27
-52
-46
-69
-1
-4
-32
45
-74
92
-43
38
74
60
-8
-49
-60
73
99
15
-16
38
-49
17
-49
91
62
43
38
31
-24
-25
95
-97
0
63
46
-76
-7
-72
92
-15
-97
-67
-19
-100
94
68
67
70
-70
29
-80
69
72
71
21
1
-52
79
-95
12
79
65
-34
-3
-29
-66
-29
-75
11
-84
-14
-58
29
-59
-56
-28
-72
-54
-88
-3
-68
-19
-92
-8
90
-66
-64
-82
93
43
55
100
-26
5
27
-90
14
16
23
-14
81
-18
44
96
-10
24
-46
92
-77
-16
-12
-55
1
-46
-62
-74
-88
-89
96
-22
87
-72
-28
45
-19
-62
-61
22
-14
-70
-67
36
-27
-35
95
23
6
-40
-97
-50
8
25
-67
-35
68