63
-3
-24
31
-24
34
-77
-20
-71
-30
-29
-46
-60
-48
-61
13
20
-47
-93
-92
14
-63
-30
29
47
31
-77
69
-4
51
96
-32
38
-79
-16
87
-68
-82
52
-11
-58
-88
21
27
5
58
66
40
-4
-77
-48
-42
-25
-37
57
-75
-87
-93
90
94
-74
72
67
-31
-63
83
22
34
45
-24
49
79
51
-5
62
40
53
-48
56
-67
-23
-38
-21
53
-37
-35
52
-54
-31
83
-59
27
-4
26
-71
-67
61
-89
-38
-1
-7
92
-38
32
-47
94
93
-100
74
-36
-38
85
46
50
-2
-48
-91
32
-74
95
50
76
20
43
-8
-66
64
31
-49
-16
-41
-6
-54
98
-65
-38
-77
-17
-45
28
15
-25
86
-80
80
-20
13
59
-14
-14
86
26
5
97
86
-34
-49
-89
64
-92
93
25
-88
-27
-51
-15
59
-11
-57
-31
-15
48
-21
19
-1
-60
97
51
20
13
-100
-21
-87
-87
-41
12
-68
53
56
-91
-45
10
-56
-23
-1
70
-91
-31
-17
-7
-51
58
57
68
-17
-96
27
-68
69
-41
-68
-38
94
-95
78
28
-40
-94
85
13
56
-80
-86
81
-7
34
7
-98
88
-31
-79
-41
98
-54
-64
-23
-78
-82
-7
-70
-2
-36
-69
-70
81
-76
78
-73
-30
73
6
-42
-64
-84
2
29
-14
-24
45
-31
86
-48
38
87
48
96
-75
-68
-63
-13
83
56
61
-61
-28
61
-38
-19
-37
-54
13
31
81
-5
58
-21
-59
-64
81
7
16
-26
72
-21
64
-40
-41
93
-13
-14
99
-47
-72
-58
-60
-24
-19
-67
98
93
-78
17
2
21
55
-3
-78
-1
-47
26
-83
56
11
75
35
-11
-61
-70
-34
45
67
-99
-24
71
-17
-19
-38
-27
86
-23
-18
44
40
-25
71
-83
90
75
48
-51
73
36
-43
68
-70
-29
18
-78
74
4
7
-39
21
59
7
78
6
-73
32
40
-47
28
8
15
-35
-75
88
96
-54
-97
32
66
41
-86
-38
-81
47
-5
9
-46
-64
80
-49
-39
-91
23
-13
-66
2
67
-39
-92
25
-21
-78
12
-32
75
-56
-23
97
42
-25
-39
-21
97
-67
-99
45
-36
89
3
49
-91
96
-32
38
65
25
-76
98
90
-100
-33
99
49
20
-16
-72
87
67
-51
-20
-55
-31
-55
-1
-61
-34
-73
-3
-86
-80
63
-20
92
-56
-94
36
-89
88
-37
79
-78
-100
-43
-93
-53
55
-41
-19
-66
66
-44
83
-90
54
-34
-22
52
-54
-62
-39
57
60
65
-10
77
-18
36
-34
15
52
-26
70
83
-39
-94
25
11
-90
-41
-86
-94
14
53
16
47
85
-41
92
80
37
33
57
81
71
4
-56
76
-40
-74
-90
-92
57
36
-9
-56
15
-46
-79
33
-2
38
95
55
75
6
-22
45
-37
88
-95
17
99
95
-1
51
-16
-71
-88
7
-58
-61
2
-4
24
6
-57
-74
-95
41
-16
43
-27
20
-36
64
26
-65
86
-85
79
-66
19
92
-25
31
-100
-67
-27
73
-12
8
-42
18
77
-29
83
-79
-18
38
61
73
1
20
-61
-45
28
6
46
-21
26
-56
-65
-98
-60
29
-23
-15
-76
-28
33
60
48
52
7
64
91
71
-73
-18
-27
-20
5
72
-29
-20
85
-35
47
64
-52
-46
-47
72
34
-36
-78
-49
98
-3
60
11
15
-53
-73
54
-48
-33
45
78
9
-4
-37
41
68
-57
15
64
73
-86
16
17
-92
45
37
-74
-92
88
92
53
3
25
-61
72
-4
10
54
69
-8
-95
64
-76
-12
-70
-97
88
82
-63
18
24
-98
53
31
-78
-92
39
16
-33
61
94
-5
-60
20
-7
-17
-60
80
2
-14
-5
-14
36
71
4
-48
32
81
71
-36
-66
80
27
-99
-33
-43
-39
-92
71
64
-80
8
-8
92
-40
-97
-91
10
77
78
-45
-62
-73
62
-25
15
-88
84
51
-41
-23
93
87
51
48
-46
56
-60
-27
-85
-96
97
-69
-89
-95
-54
-75
-47
-4
-24
31
-59
44
65
66
98
69
39
21
-64
-33
97
-90
58
11
72
-4
-75
41
-30
15
57
-13
-25
-57
38
-4
19
-12
-23
-17
-9
26
-46
91
44
29
-94
-19
-21
-23
-28
-90
-66
-62
8
-7
95
20
-69
-16
-68
-11
71
-78
84
-72
-44
-20
-45
-61
-29
33
84
-88
72
98
-85
76
34
97
-46
55
74
18
15
6
38
92
19
-46
16
52
99
-47
-56
-37
-94
-21
69
98
26
90
3
77
-86
-100
80
63
46
79
23
71
72
-77
56
-59
98
-98
94
-9
2
37
-25
-28
-45
69
42
27
72
89
-80
-91
100
55
-63
10
16
30
84
87
60
49
-45
-82
41
12
-86
-42
88
-90
38
-10
-100
89
86
85
80
10
-55
-9
-77
33
28
1
-6
82
26
-47
-13
-30
-39
0
-22
0
68
-59
74
29
-55
-77
63
62
26
-92
37
-14
99
-89
-47
14
53
-93
-1
76
-84
-73
-25
-58
-59
6
27
-79
-81
30
41
-55
-43
23
-41
63
-49
51
19
-58
36
-79
-23
89
-77
79
-59
69
-92
85
-51
-37
-39
97
0
1
56
19
65
-64
-100
-69
26
-63
-23
-26
-99
-64
4
-29
23
-44
19
-23
-8
-30
95
77
-5
-31
45
-75
-67
90
96
-47
0
52
-77
39
7
79
14
64
-66
5
80
-86
92
50
46
-80
-46
92
-8
-40
87
39
36
-55
-46
91
41
49
77
-82
55
-49
65
98
-43
-98
-4
-98
22
46
-9
18
85
73
-89
39
-18
-52
84
-32
-37
48
-36
85
-30
-59
-97
28
-53
-47
38
74
65
-26
-6
79
100
-71
72
94
53
38
-33
-59
74
-22
61
99
76
20
60
98
98
59
-42
-90
39
-40
-80
86
95
-22
-41
49
-89
-15
9
26
-63
-2
-28
30
-72
53
-8
86
76
88
-56
46
-71
-95
-39
59
77
-21
-75
12
-4
91
-16
-72
-52
85
39
-85
69
4
-81
-70
53
-52
15
-11
-27
45
88
-46
-2
45
25
45
40
52
-97
-31
-80
-72
-83
-70
89
-69
-58
2
75
-35
66
-1
-31
-14
-79
-32
40
-92
90
50
60
36
-68
84
20
-63
-27
-40
-10
-1
86
27
-15
36
-55
74
-4
-96
-3
-74
36
-36
-47
-25
-90
84
11
-8
20
-86
54
85
-94
-71
-42
90
-21
92
67
-99
20
-3
-43
91
-43
79
84
72
-68
-71
8
-67
81
-86
14
30
-65
-48
-21
-35
-71
36
-72
95
-20
98
-75
26
-90
28
-41
21
-23
-12
31
60
-26
46
43
10
74
-61
46
-62
58
59
81
-4
79
-25
-71
23
-36
0
91
2
71
-83
27
-31
-66
-2
-68
45
93
-5
43
-72
-25
79
19
48
-10
15
67
37
-67
10
-27
-89
3
15
19
31
52
-38
-86
42
-51
70
66
65
97
-77
78
46
37
-5
-92
40
52
-92
45
-67
-17
87
88
-18
-12
100
-61
-34
-38
-86
16
-100
47
-8
93
-88
-50
-26
-37
99
48
11
2
-85
-19
74
6
83
52
33
-80
21
-47
97
-70
84
10
4
34
42
-10
50
-2
-98
21
-7
-82
36
52
46
81
81
-70
-28
-76
-45
-56
-33
73
-39
1
55
-17
-8
-64
-21
60
-76
56
-47
-63
-76
53
63
-54
-80
39
69
37
68
41
15
23
91
-87
21
84
-83
93
6
-87
48
-16
-66
41
-22
11
78
-15
19
81
24
-74
-80
22
-84
-76
-89
66
-29
-22
-58
-65
4
-81
-64
79
-75
68
-78
38
-76
-68
-65
-43
-46
-53
-41
76
-28
-34
-41
17
-97
81
-87
64
-20
16
-86
17
-47
-82
-33
6
73
99
19
27
67
28
76
2
23
-75
-53
-98
21
-3
46
43
-12
-44
62
-89
20
85
9
34
-37
24
90
-19
-8
-74
49
-65
-98
-60
15
-73
-44
-85
6
71
82
-11
71
95
-51
-27
-43
-67
-80
-75
-50
-10
17
79
-45
62
-69
-10
-6
-45
89
24
-80
35
-20
81
-19
27
67
63
-68
6
94
-38
-7
-76
38
-61
-11
47
-50
-24
5
-50
75
11
39
-19
-67
59
-40
56
17
-49
-76
31
81
-70
-80
-3
-76
-53
-59
17
87
-42
56
-92
-73
-10
-71
12
65
-60
-4
-24
70
35
-76
-95
38
24
28
-36
-40
-37
47
-92
-77
-29
-41
-4
33
66
-53
-75
-21
-46
-81
-55
-64
-96
21
-15
-30
63
4
-57
37
82
-99
-13
54
-32
-80
24
56
2
59
-54
-7
68
79
-37
-10
83
-36
32
-99
69
41
-79
74
91
-20
64
95
-38
3
-100
4
-51
75
74
-80
-89
59
-13
-30
76
-87
10
-19
-63
53
29
46
57
46
-90
-97
76
40
-16
35
-60
62
-16
28
17
80
-44
-79
30
95
-2
-62
26
-68
29
-89
-7
33
96
-52
-13
-1
-27
52
-62
-21
80
-54
-71
-27
1
10
73
-63
-76
79
6
-29
-78
-54
42
-13
18
-54
33
-85
-8
-33
-93
55
-62
-42
-48
-41
17
83
-84
-98
99
-83
-59
-17
48
-3
63
-50
29
94
35
-11
90
-15
39
-96
-6
7
69
78
97
-89
-11
-57
-29
-82
-37
75
39
-97
85
-50
26
41
39
-100
73
-91
5
-94
-47
-51
69
-21
34
7
81
-56
79
-56
91
-61
46
-62
-33
-6
-71
21
-70
-54
-11
-25
-53
-80
5
-38
-73
-37
-44
76
-36
-50
55
-37
24
-58
16
-7
26
-49
-67
-89
56
41
20
19
-84
74
77
14
-6
-71
-51
-87
20
-94
48
85
0
-75
-93
-58
-16
-50
-19
-4
-100
-91
84
-73
-36
-2
-64
84
29
-53
-30
7
26
-56
-46
21
33
4
-68
-73
-22
22
100
28
14
14
48
-80
25
24
-68
84
-66
68
73
57
57
-92
-88
-9
71
-90
73
-31
-43
-99
23
-76
68
41
-4
-32
29
-71
-5
-38
69
6
89
98
-65
-1
-61
46
53
43
-88
88
-58
-28
19
20
-43
-50
-88
-46
-86
26
-66
71
67
-70
-12
-37
91
-85
-36
-86
21
98
83
-28
-73
9
-64
79
31
-39
-60
84
-4
-9
65
-52
34
50
62
11
72
24
-11
-1
32
-44
-37
-86
-43
-93
-40
-70
-18
-67
51
56
53
-57
15
33
6
-15
-24
-50
-13
39
-79
45
66
-66
-99
0
46
95
-50
49
36
86
58
62
-81
-54
49
-37
64
-40
82
69
48
-28
-22
-40
-33
36
83
47
-86
88
97
3
-87
74
7
-78
15
-100
33
5
-58
-86
47
-66
-20
-56
55
35
-64
9
90
-92
47
-22
15
-43
9
-59
46
-41
61
4
-48
-65
-93
88
55
70
-9
-96
30
82
-22
-75
-29
38
-41
82
-35
31
-34
6
-81
12
-55
-34
19
-70
-52
-100
-72
83
-62
67
-89
43
-57
56
31
-5
-42
57
64
5
73
-6
49
-57
-96
35
56
96
-99
80
-3
67
58
65
99
52
9
96
27
-48
80
-26
-24
-53
52
-68
-24
31
36
81
64
-99
43
77
-30
67
-94
-59
8
-16
-35
-81
-29
37
-30
-75
-34
-96
-96
-33
63
62
17
76
50
9
39
-22
-5
-5
-18
57
51
77
34
-13
78
25
42
-17
-70
39
40
-4
-68
-58
18
53
-26
90
61
80
75
-12
24
-17
77
42
97
-20
73
61
34
-44
-21
-53
-19
54
-35
-49
40
60
-65
-84
61
24
9
76
-93
-23
65
-66
91
65
-28
14
90
-12
-73
-11
68
30
-85
75
-90
86
-71
-32
72
-8
-15
26
81
64
-19
32
-23
4
-56
42
77
68
-71
80
-70
-98
-55
59
79
-44
-14
32
37
64
-87
83
-24
-40
-58
-75
-61
31
97
7
-85
-68
-20
56
-14
57
39
-28
-96
-53
27
-15
98
-95
99
-9
97
-82
87
-94
59
-74
27
22
-53
-64
-67
-77
89
-43
-88
14
96
-95
-18
-13
64
-30
-45
63
-82
-75
9
-98
98
-19
-80
-62
-4
72
92
-81
-53
93
-25
-44
-45
-54
-67
39
-89
-12
-49
-12
83
25
61
4
-37
-59
-38
-45
5
14
-50
-98
-97
5
-91
35
-51
-45
61
77
-80
-49
-10
-66
-91
-81
-22
72
-1
-51
13
-79
39
-55
-48
97
-17
0
100
19
74
89
-81
-12
-26
-9
26
-1
-88
-14
-34
16
-84
28
17
77
96
-54
-2
21
-100
-21
78
61
-24
82
-2
60
-22
19
0
38
-63
-45
-56
-46
-3
88
69
-23
-56
53
70
6
5
65
-50
-96
38
-26
-21
25
52
-47
49
68
38
-46
-19
39
-34
89
13
-14
15
69
45
-12
51
55
59
-81
-89
45
-22
-31
22
74
32
-41
-71
76
-67
58
-81
98
-61
84
56
9
74
-57
-52
83
-18
55
76
-88
-59
-3
3
24
-41
-28
34
44
-36
-58
68
54
94
93
68
-48
-54
-63
-36
26
-86
38
-47
-22
-92
18
-81
-20
-2
-75
61
-40
-10
-43
-82
-71
-87
82
46
86
-52
-64
55
97
-18
-76
-14
39
-78
61
84
3
-96
-14
-44
-63
-16
-41
-48
34
42
58
-70
-66
16
-69
94
68
-44
-67
73
-19
49
51
-23
25
20
-5
-48
46
79
-79
-6
77
-52
1
43
90
60
-93
47
-30
47
-25
-30
-5
-80
50
-25
65
-78
-85
-64
-13
46
-3
28
-98
-88
-95
57
62
90
83
29
19
48
-85
54
-7
60
69
-68
-51
55
-17
-71
-64
48
-78
11
-55
-20
-99
90
46
39
-92
55
9
62
33
-100
6
-6
52
-77
-77
-37
-98
-68
-74
71
61
-21
86
-40
56
-20
60
50
77
-24
80
-22
-93
-98
92
-6
69
26
84
-46
-15
57
85
-50
-34
-29
-73
-60
1
93
35
-93
-66
94
8
-28
-97
72
-39
39
-68
96
-25
26
-94
44
74
47
-18
54
-77
-69
-30
-35
-12
-77
15
-46
-94
79
-29
-66
66
95
-56
11
36
79
-13
-92
9
46
-29
-58
-88
89
-98
23
75
-1
-19
49
-37
-54
49
88
81
39
7
82
-98
42
-33
-80
81
89
100
-95
-66
-66
-1
-81
96
-84
-51
36
-17
47
-25
-69
85
-81
74
75
-59
76
82
-11
-75
-33
-43
8
83
97
99
38
-58
-7
77
81
-52
-19
-81
36
4
-55
3
-45
-49
-67
23
88
-74
-84
28
-85
13
-69
-51
75
32
-9
19
-96
58
10
-19
11
-93
89
81
55
-5
-19
-53
-41
-54
-94
45
-64
4
-74
-18
-1
46
-42
-48
51
-35
-39
78
-72
63
-76
72
-74
-95
43
26
-34
-61
80
-3
-11
67
-6
54
-34
21
-84
46
-99
64
79
45
72
18
99
-92
-95
8
54
14
-30
42
-21
-51
-50
-19
-61
35
-56
-43
-2
11
-49
87
31
-20
-81
68
-38
17
17
53
5
-73
83
-52
-87
9
13
63
-25
-2
-83
-88
76
-44
0
7
-32
-78
-14
4
-22
1
-1
-72
86
-71
15
33
-89
93
90
21
52
-73
-86
13
51
21
-31
20
-83
99
-86
-57
-89
-56
66
19
49
-38
-79
-57
-70
-1
-62
66
-62
34
-60
-45
-99
-72
7
64
49
11
-35
33
-19
-51
-16
98
-13
34
-66
59
88
65
7
70
90
60
-12
7
80
51
47
-90
-95
-63
33
-91
-80
48
-31
73
22
48
-89
-91
-56
22
-43
96
100
19
21
-32
0
52
17
76
-34
67
68
-1
61
-87
74
15
-36
36
-3
-87
3
49
50
-64
-40
70
-76
54
23
-55
-91
73
0
-97
76
100
88
-41
92
83
0
-44
39
-55
29
91
-91
40
-56
-91
97
-79
92
50
-73
71
-15
4
51
55
-28
97
-7
25
-6
53
-95
-52
-52
0
-34
-53
71
47
16
45
-11
77
-19
-30
83
1
-40
-71
-40
-76
44
-89
73
94
-67
-81
66
-35
-26
-77
-35
65
38
-56
-82
96
84
47
-98
-11
-9
59
29
51
-33
-3
45
25
43
16
-15
70
6
-62
38
-10
-74
15
82
76
61
70
-86
-14
4
31
-89
89
-76
30
-45
13
33
12
50
-29
-13
-80
71
13
49
-19
3
-56
92
-31
-15
-86
8
-96
-49
-99
6
-19
-58
-75
78
65
-34
-89
-82
93
-51
99
-54
-70
19
57
-45
-74
84
71
68
97
39
51
31
-96
37
-47
26
60
30
-74
-95
-64
40
-56
66
60
21
100
92
18
83
-67
80
-45
58
20
0
28
54
-47
36
12
-31
-2
40
-77
-8
95
94
-6
-40
49
-3
-74
65
73
-8
-55
75
68
42
28
52
-13
5
43
-97
-19
11
7
18
20
-85
99
81
-3
-77
-92
36
-26
-13
-55
69
-34
-29
74
-65
-85
-45
-63
-10
70
-27
-13
97
14
-70
-25
61
40
-16
-70
81
83
56
-99
0
31
23
86
-7
29
-57
-85
-70
-51
27
37
33
-40
45
2
15
16
-18
-61
-77
34
42
58
-42
-78
-8
65
-84
-12
-13
-73
-52
-25
35
-4
7
36
-36
76
-11
69
-37
-56
-13
-93
72
61
-70
1
-27
-85
-15
-69
39
-58
-7
38
41
46
44
15
-78
-31
81
70
-99
-15
78
-96
-43
-87
1
84
-9
39
-88
57
-86
47
21
-25
59
0
7
-88
13
-78
-36
59
78
95
58
37
65
59
30
89
11
7
-73
6
-34
92
-33
-48
93
33
88
-27
22
-51
5
-30
76
68
90
-6
44
20
-91
-59
21
-2
8
-87
14
57
61
47
22
-41
-21
79
6
-38
75
15
-71
82
-20
100
-68
21
-28
12
-23
59
-60
-5
-76
-17
35
-16
-54
19
-51
13
87
59
75
-56
-16
-77
-12
-52
-6
57
-69
-33
-28
-30
57
49
33
72
-42
-76
28
-85
7
20
26
-18
-82
43
14
31
-75
100
-31
-96
-47
-3
-31
35
-80
69
-8
33
-75
-36
99
-3
-3
-83
-59
-77
-95
75
87
-43
18
-73
18
-23
86
-81
-80
-33
-52
-65
-32
-53
73
78
63
17
38
-17
-55
95
53
-40
-1
-71
-42
32
56
-25
-4
-31
99
-91
-14
80
-100
90
36
50
75
-32
12
47
-76
64
33
-69
9
-10
-49
-42
-2
91
23
10
-67
-36
43
-7
-9
60
76
-40
-93
-49
-91
38
-70
14
-35
57
-1
-86
-91
61
63
-38
84
2
-90
-64
-50
-89
91
-25
20
-19
-43
51
100
23
94
22
47
-19
-9
-91
26
71
9
-26
-38
-8
11
-68
-33
-91
88
73
19
-75
-18
-79
-53
9
-67
62
-22
19
-27
-77
18
48
86
35
-8
-74
79
8
-44
-93
-56
14
-92
-24
25
-41
26
39
-58
-69
98
67
-60
-36
-36
-45
-68
69
-100
-13
-33
-74
-39
-58
-6
-83
96
55
-68
75
89
63
99
9
37
-24
37
80
-80
-7
46
-27
69
65
-93
-35
31
-75
44
50
94
-20
-93
41
56
-28
-42
-89
73
58
78
-36
99
72
81
-26
-41
-72
61
38
28
15
-2
74
53
-39
64
-85
18
-95
24
84
-16
100
7
21
36
14
-99
14
-70
49
-30
-46
5
94
40
94
-66
-85
40
-69
-17
-86
-54
-77
-69
40
-71
69
9
-96
-32
-43
-66
-43
13
-63
-77
85
13
77
-79
-74
92
45
28
25
-88
-14
-33
-55
22
63
89
3
45
64
-17
53
99
72
-67
-67
-78
21
-36
-45
-13
69
-3
5
-72
71
-70
16
99
30
-19
-65
44
-76
-69
86
25
15
29
-81
-3
-42
69
-1
-29
-70
64
-62
-59
-72
2
-100
41
13
34
87
74
-13
-62
15
9
-29
60
59
-20
39
7
-62
27
-87
71
72
1
-79
-46
-12
49
50
86
93
1
32
-45
2
-18
97
-21
-82
56
98
97
25
-4
-68
99
-13
-43
-22
87
15
-43
-2
-11
-30
-4
-58
-90
-9
-94
35
62
86
81
-22
-18
-13
-88
-14
-34
75
74
-41
-22
-81
-54
-76
61
-34
-39
-45
43
-48
-51
-34
77
17
94
-89
-4
13
56
-44
48
-97
23
-51
-45
-23
79
35
-83
-63
38
-62
-57
89
-9
-40
-24
69
-46
56
61
6
-61
14
-83
-24
-84
-87
28
54
-20
-24
-68
-100
-1
-6
-11
97
53
-20
-4
-81
-77
-21
5
5
62
9
-76
-99
-90
86
-5
-10
-71
96
2
-4
12
91
8
90
89
-12
39
-49
61
74
-33
9
76
43
-46
-12
67
80
0
-4
-25
90
-85
-18
18
-74
-54
-8
42
-90
3
-73
-94
54
-34
-19
55
-31
-92
-80
47
-7
57
-23
65
-62
-43
68
87
19
36
73
59
-35
-55
-97
35
74
3
1
23
61
-81
59
-53
96
48
-83
-91
-36
-49
93
91
-65
-36
-59
-6
99
-57
-34
-32
-40
52
-62
-89
-98
-29
-33
-39
24
29
13
-87
-15
29
62
50
-25
-74
45
86
31
4
-26
-40
-79
76
-6
-15
-77