-57
90
9
-66
62
-12
-77
63
71
-89
-77
-16
76
59
24
16
-13
44
40
-54
-11
13
-12
51
-41
0
49
-90
-56
-48
-39
-3
33
77
-86
73
11
43
-57
-97
-93
-4
100
26
36
-87
-64
70
33
-60
29
-18
-15
-95
30
86
44
-78
97
-89
72
-89
40
30
77
57
51
-76
30
35
-61
35
78
-77
47
-5
-41
99
71
49
21
-92
32
92
76
12
9
97
22
-56
-17
-41
33
-93
76
89
-7
-88
-65
-69
-32
55
-47
100
66
-75
-4
13
-85
35
-59
36
-13
16
-37
-56
-72
18
-5
-46
-60
83
-18
-25
20
37
-35
33
-9
87
18
-84
74
90
80
51
27
97
-25
87
-11
62
41
-85
13
80
-80
-52
-99
-82
-23
-83
78
-38
-34
49
21
-6
-1
81
-12
-12
21
-97
66
30
76
90
-88
61
-87
-66
71
-63
43
86
-69
-40
51
14
-100
39
29
5
-99
52
21
-18
15
25
-95
82
-51
-36
-49
19
-36
-80
41
8
4
-86
97
-4
95
86
15
8
-50
-85
35
71
-78
-76
62
75
-77
-2
-5
37
65
-6
-68
-69
81
46
-75
-75
-58
-20
96
75
-84
-87
-75
-29
-14
0
-22
-29
2
-22
64
-69
-36
-52
57
-32
-89
-32
-8
41
-9
-31
96
-8
48
39
68
26
20
83
94
40
-22
60
-87
-95
69
-92
5
-89
-4
-64
1
-1
81
-11
-35
49
77
-69
35
-56
-6
-12
-98
33
85
92
55
-51
-58
-72
91
81
90
-91
-7
67
-87
19
22
-98
2
93
82
0
91
50
92
7
-81
98
64
-87
86
-52
-15
16
0
-30
-75
47
49
-75
45
-52
78
-30
-18
-94
41
24
2
91
-49
47
6
-70
-37
-80
-4
-97
-21
74
18
18
66
84
22
-58
-72
47
73
-24
-100
75
19
-62
-23
17
-55
55
-69
-97
-1
20
40
35
64
-18
54
2
-32
-15
24
-57
-85
32
-53
93
45
-91
5
63
-27
89
-24
-9
29
64
-91
35
-91
43
86
-47
94
-92
88
-41
-6
13
17
-40
92
9
-20
-72
13
45
-35
-7
-72
-87
-87
61
98
26
22
25
-18
-70
18
100
-97
-89
65
-24
-54
-100
17
-19
76
-20
-27
-23
45
-12
-34
14
24
-31
-92
-54
51
-49
52
-37
-85
-70
-40
6
-7
66
-47
-14
54
52
48
38
29
-46
92
9
-44
-22
60
-49
4
100
63
78
-17
-9
41
-60
-48
83
21
46
6
-19
3
-99
61
84
-96
47
-35
2
73
20
38
26
-21
61
-19
76
-64
43
42
-5
-42
-74
60
22
-14
62
21
-47
-45
-5
91
7
12
-11
-35
-99
79
-93
37
-21
-79
3
10
44
95
98
73
46
-36
18
-91
74
-42
-65
-30
-20
-26
61
81
-30
-80
88
-70
-86
93
-62
-46
78
96
33
-44
-78
25
-47
-4
6
-77
2
-48
15
30
85
8
66
-1
-50
-85
79
-59
-17
91
76
-19
-72
84
-19
-11
-89
-66
33
89
-96
-28
-77
-25
96
35
-48
-78
-19
59
17
-88
-2
-1
-2
32
-14
-57
-55
-96
48
50
1
-33
-43
18
27
75
65
89
28
-31
-90
31
31
-22
-93
37
86
-76
-6
-78
26
-29
-79
6
-100
78
12
71
96
82
-14
56
2
69
-56
66
-11
-56
-29
14
-4
-92
-26
33
-42
72
84
-11
17
34
-43
90
-24
45
-100
53
-48
-31
40
-25
86
56
-66
-81
15
62
-11
-42
69
89
-66
98
61
-38
-75
-61
-60
39
35
31
-56
-22
-39
-79
-41
95
48
18
47
30
-59
32
-25
-99
91
99
81
23
-11
-28
-56
87
-64
21
83
-28
61
95
60
-61
47
78
-7
-63
-48
-45
-67
-62
-20
76
-26
-59
99
41
-93
-72
-35
-88
-20
32
-53
-68
49
-37
-69
-95
-32
5
62
6
59
-28
52
24
-4
-44
80
-51
-15
83
69
41
-19
-90
-24
-78
-3
-9
-3
8
32
-76
34
96
28
78
97
-86
6
-42
-43
-67
-21
-83
-66
69
1
-68
-39
55
-87
72
-17
-96
100
44
4
83
-71
12
16
72
-37
86
-71
-36
-11
-84
56
-45
-100
34
-36
-11
-100
-84
-19
-84
-19
26
0
34
-13
75
-12
-6
-58
-43
41
9
-81
68
-71
-100
-32
-31
-83
86
-37
80
-56
90
-78
-20
8
7
-93
-36
-91
-53
-74
-81
90
100
58
96
-20
-36
100
-49
-44
-49
-97
76
-52
100
-42
-79
47
62
46
-29
-18
-38
-48
-44
19
-99
-41
-76
49
49
-2
95
-14
7
-37
-38
-72
20
-2
78
-10
8
76
10
74
43
-15
89
97
41
90
-90
37
96
61
69
14
-2
-97
23
-59
43
-29
14
-88
-52
-62
95
9
91
-81
51
83
23
31
73
-14
-52
14
-14
-79
-11
-34
-60
47
-13
-97
98
-55
-34
-87
-8
26
-34
35
12
-91
-22
52
-43
59
60
-41
-96
38
-95
40
-31
-1
-62
68
-8
8
55
-18
-54
49
1
-80
79
-27
-6
72
13
75
62
22
-66
-44
58
43
85
45
52
17
-12
-23
-57
-54
-62
50
-73
-9
53
26
83
18
65
-23
-15
31
35
-84
5
86
26
81
94
69
-11
-99
75
98
-77
7
-1
-20
-17
-2
85
-45
78
-63
90
7
-73
-64
-68
57
-10
-77
-89
-79
-92
4
-20
89
-64
79
48
53
19
-43
79
-58
88
-77
44
87
29
-10
-50
-86
97
-23
78
-16
40
-74
-83
-98
69
94
70
-51
-66
-96
-8
30
-80
-52
75
-97
-25
-91
-93
-33
4
-28
-20
-81
21
2
8
-11
44
-27
20
-71
1
3
17
-62
-7
-100
-82
100
-76
95
-70
16
-15
21
36
-24
94
-33
-1
-70
65
-6
-13
96
45
-17
66
-64
-91
-40
-53
-8
-78
26
89
-3
-95
89
-94
-59
-37
50
-70
43
38
-14
-89
14
-11
-98
-79
93
-47
20
11
-74
-89
-94
39
13
11
58
97
-35
26
-80
19
38
-18
-99
-69
-56
-86
67
-55
-64
3
-22
2
7
-93
-61
81
-7
-41
-22
-98
-23
89
-64
-84
9
87
-22
-4
50
13
2
39
59
-26
95
68
-46
93
24
-36
55
97
73
-68
96
-77
-68
93
54
46
23
-30
19
-43
50
-29
79
-63
65
21
-80
85
80
3
8
-70
55
75
10
-55
-46
-74
-46
56
-93
-36
65
-74
-34
-12
42
60
-93
-63
67
19
-38
-93
-92
21
-45
-67
-24
19
23
-69
49
-56
44
66
43
51
-19
88
-11
-63
-52
39
0
-97
-4
-30
-13
64
-85
-70
-27
28
-86
-13
-35
17
39
-59
92
-49
88
-75
37
-80
-31
46
-44
34
79
71
53
58
15
39
-22
27
-68
11
-88
-2
-87
-99
29
-1
83
12
53
63
-45
-44
-46
-41
-79
20
46
5
-63
91
-26
5
13
37
100
-55
-78
80
-38
50
28
23
-80
-6
43
88
-15
14
97
-27
81
-36
-76
56
-66
-57
4
-48
-63
6
-73
68
-70
-78
-37
-39
20
31
-8
27
-22
89
-44
33
-28
68
74
-77
-69
74
65
80
60
57
-68
67
56
38
-29
-23
-64
-73
67
27
-31
-2
64
66
-72
37
-71
-51
78
40
44
-51
-49
66
27
53
-29
6
-26
-20
6
73
8
21
65
-81
81
-64
75
-86
28
-5
47
49
3
-72
0
22
-75
-38
-35
-59
34
-31
16
-98
-92
-21
18
-96
7
18
38
76
76
59
-60
-43
-64
-13
24
-27
-15
-91
33
-6
-43
-98
43
9
-27
72
36
-43
-89
-1
8
98
90
-3
-72
-17
-1
5
90
69
56
92
86
-90
89
-27
96
24
-50
-90
94
12
-97
51
-49
8
65
44
62
13
86
27
-25
48
-11
36
-38
-69
52
-6
-42
81
-83
6
23
-15
48
-5
88
-44
45
-67
67
56
-77
-75
-98
57
-20
32
-97
69
72
-41
25
-94
-9
-30
-67
4
-51
61
-32
14
-23
-11
4
18
22
-77
6
-66
100
81
89
-53
-81
47
-7
74
63
-14
59
-59
-36
59
25
-9
49
96
9
27
-85
-71
-55
-12
60
-81
10
-93
-24
-5
77
17
33
98
32
41
53
94
23
-9
88
-76
-81
-35
76
-1
-52
21
-62
-36
11
-63
87
-94
50
-30
50
26
-2
-94
1
78
-31
64
-58
-39
94
-32
85
27
15
70
-23
88
-78
-93
-42
-5
-93
-41
31
55
-62
-79
50
-21
-52
55
-75
3
58
52
52
-31
75
30
4
99
15
69
56
51
-4
-97
-95
55
-81
-95
-4
21
-98
43
24
76
-75
8
61
-47
15
60
-78
-72
30
54
92
-69
-94
-82
22
62
-18
16
-71
-51
1
67
28
-42
34
69
-3
79
-63
-74
30
77
0
-39
70
-94
-45
33
1
-7
-45
-20
50
78
29
-73
38
-60
82
-62
21
37
94
-39
-68
-85
92
-92
-89
44
83
16
-21
-95
32
74
-78
-96
63
-79
-49
28
-37
35
-61
-70
4
15
-74
-17
-68
15
32
60
5
-67
-29
-58
-69
-98
75
43
80
-17
44
-94
-27
-3
-10
-38
-62
14
-40
38
57
-95
30
-48
24
72
89
90
-71
-16
46
29
60
-13
33
-76
23
-54
-57
-84
-17
-49
-86
3
29
-81
-45
-27
-7
-61
23
59
-27
63
-86
71
55
-14
8
-44
-90
-61
76
-38
54
-77
56
71
-20
59
-34
-76
3
-38
-45
80
44
-63
-88
-89
53
65
81
-12
90
23
-18
-76
65
-80
11
13
-96
-48
11
19
57
-22
2
27
-83
6
-46
-83
54
2
-99
-23
-60
0
-19
-57
-43
-49
-80
16
22
45
-3
-81
-17
87
-53
-61
34
-26
-25
37
87
-45
-79
-51
-3
13
61
68
-3
-64
-52
69
-82
37
67
21
-11
-73
9
-66
28
-64
-29
-8
-72
89
87
-39
-80
-33
-26
86
-12
-34
-2
27
37
-78
8
3
-70
73
-63
-17
-79
-61
-67
51
-90
-74
-77
-21
-11
-48
-86
30
30
27
-75
10
-62
78
83
-96
29
26
-100
-53
-12
66
4
-97
93
-77
-95
-79
-33
-44
11
-55
-27
-96
-52
-56
-36
8
10
58
-37
42
98
33
50
19
-46
-23
38
91
10
87
-36
45
-3
52
12
-38
-11
-38
96
64
72
39
-23
65
36
69
17
-86
7
-82
-66
63
18
47
93
-41
88
96
-8
-79
-70
-24
13