-61
-18
85
-11
-32
59
-84
-64
-42
69
-81
-10
64
-9
-48
2
64
14
-90
61
22
47
-54
58
-53
-19
23
-3
66
38
-22
72
-31
25
35
-60
48
91
20
-53
33
-49
-40
66
6
-39
85
-95
20
-70
27
-59
59
76
65
-100
58
-98
-35
-5
-50
27
59
7
-35
-9
-57
75
90
-39
61
99
21
-41
-75
-36
-48
-99
71
4
-33
97
-56
-33
-23
-68
-69
43
2
94
36
24
97
36
-41
-90
76
-50
-85
-81
-3
38
-91
-84
-24
17
-65
28
4
-93
-43
5
-6
-93
-29
98
-94
52
57
-31
71
91
90
17
95
-75
-75
91
57
-96
8
-66
58
-15
13
60
73
48
-25
-73
47
58
25
-11
14
-14
49
89
-36
-56
33
-26
16
-20
37
40
28
55
8
-87
20
25
30
-5
-17
-84
56
-6
-70
91
62
30
-69
-98
-85
4
-76
61
-83
-61
-86
-78
-34
-23
68
45
-17
-58
-52
-92
-97
-63
83
-58
4
74
-6
63
51
70
50
-28
78
-54
25
-34
87
0
85
100
27
29
60
-2
85
21
-43
36
-98
-11
85
69
79
35
18
-33
4
56
46
-91
43
-44
-34
89
27
13
70
20
40
19
17
-35
28
34
32
-58
10
-85
51
-47
-12
-86
-93
-71
86
55
85
-71
7
12
55
12
49
-38
-49
79
88
32
72
50
-28
69
-24
-85
99
46
-92
-65
-31
82
-17
-78
67
47
-5
75
-22
-1
-16
43
-96
-25
-81
-4
-9
-6
-73
-23
-82
20
9
22
52
59
74
-51
59
-69
41
74
-8
40
97
10
93
-65
-29
90
-25
35
-67
-17
-84
33
-98
-80
47
43
-90
79
75
75
-71
-24
-29
-7
-5
46
28
-12
81
37
-27
63
-90
66
94
-39
20
-68
9
69
-63
92
-64
-6
-94
25
-69
-71
-69
-13
13
64
-19
77
-34
56
6
-70
34
27
23
-20
93
-80
-63
65
-87
27
-13
55
-30
95
-95
63
-93
19
-66
12
50
-39
91
-72
35
-13
29
-30
-36
-69
92
-43
16
77
-36
-63
84
9
-61
81
70
-98
92
-95
-45
-27
-8
-41
23
34
21
6
78
-98
-85
-69
34
43
-92
75
80
-76
-18
-70
100
7
-92
-4
35
-61
-49
23
94
-56
27
62
-5
-20
-9
-56
82
89
73
-25
-13
56
-12
93
-37
-88
-70
53
31
82
-41
-79
-100
-72
-13
-92
-85
58
-36
91
78
8
-85
79
32
-42
-95
45
-78
-57
-92
7
67
80
59
13
39
-24
-44
-57
75
37
41
78
-53
90
72
22
-60
85
-1
-26
-80
50
-73
36
86
5
-27
-22
-7
-99
-26
42
-32
63
-35
-84
43
65
5
34
-33
-43
-49
32
16
-53
-68
90
-92
-15
-7
65
-84
-47
92
39
-29
-51
-20
43
29
19
8
31
81
12
31
-36
90
78
-45
24
-46
69
72
-72
99
-70
91
11
-82
-33
92
75
25
-85
-31
98
81
34
40
1
-91
-63
-96
60
15
-88
4
-46
64
-76
-30
71
46
65
-74
-25
-68
-40
22
-7
1
29
46
-66
9
68
69
-66
3
73
-29
-80
66
95
-50
-67
74
-50
26
-100
-37
28
37
-32
-48
-51
-69
4
85
-54
25
16
69
-77
-78
-38
-64
79
82
-12
43
99
-40
48
-18
5
-50
26
-50
31
-42
-72
69
13
81
57
-45
8
56
27
99
-79
-23
-85
-8
-78
50
78
-56
-38
-31
92
-28
-10
-54
19
-78
-19
-5
68
9
1
-74
100
-68
61
50
-68
-79
30
-6
-97
-3
-93
75
5
35
11
-40
94
-77
-28
91
-6
-83
-77
-9
-37
95
47
46
-87
-15
8
-76
50
51
-11
24
29
-86
81
45
-75
-38
0
-45
81
78
-99
-88
19
-5
-36
-59
75
50
-41
55
98
-68
-38
76
4
-62
-3
52
-13
-6
-68
49
90
-79
74
-16
12
-25
-3
-64
88
-17
43
-31
93
51
38
67
-51
3
-22
-82
-49
-91
-88
-66
71
-42
30
72
68
-85
88
-61
21
-69
71
31
94
18
-83
-84
-48
-95
-45
-59
-30
50
-67
37
-8
-8
80
-46
74
-98
-93
27
-68
-23
23
-1
29
-67
-30
-47
29
29
93
-45
10
77
-62
-28
84
-91
-23
30
-89
100
34
-56
88
59
9
60
0
-67
-90
72
-90
-9
87
21
-31
35
62
-18
-27
-42
13
-82
58
78
-15
18
-40
-89
62
-29
29
100
26
-77
-19
74
-9
-99
-2
47
-79
-84
-46
-8
-83
69
-41
44
83
-4
-38
-10
30
-9
-64
14
-54
40
-29
67
-65
-79
-88
24
-52
-11
-7
-12
5
-87
48
-87
25
-16
-54
86
-63
-54
5
35
75
-51
71
-49
-25
-86
75
-2
-13
-68
5
-7
72
-24
98
-30
18
-26
97
-53
-64
56
97
-1
90
-61
-24
-63
2
62
-28
-1
-16
15
-74
57
54
-58
-33
-94
-27
95
94
-69
-49
10
28
34
2
7
-73
-45
-46
90
-58
-80
69
-20
73
29
-40
-32
-59
27
-72
6
86
-45
87
-76
15
6
82
-77
-91
75
-37
-85
-33
65
-82
-84
-3
-92
-79
-29
80
54
-83
-85
-52
-3
0