5
-62
-75
13
-47
-46
33
1
3
5
-65
-49
1
-65
94
-23
-51
65
-80
68
25
75
-97
-25
43
-15
8
63
13
-58
3
-18
-88
-90
76
99
-47
-7
-87
62
10
45
-15
98
-3
55
99
-31
-26
-88
-79
-98
-77
79
-100
23
72
39
44
-50
-71
85
49
-49
11
-42
31
7
-84
30
-70
68
-27
-77
-36
51
-10
-34
-73
-66
80
13
-50
-70
56
78
-28
-30
80
4
-84
-52
-42
74
48
7
61
-25
-5
18
11
3
-75
-7
77
71
-61
-74
-59
-48
-47
94
-73
-93
72
0
-40
64
-92
-19
96
63
-78
97
-34
-54
-2
-28
-86
-10
-32
29
-83
-89
-71
-87
96
14
96
-60
-83
-32
78
-85
35
82
-87
82
-7
-46
39
-33
-6
48
49
67
-58
-99
-14
-97
-32
-81
-14
22
-47
18
94
-6
-14
-99
-30
64
66
-19
62
-40
-33
47
63
45
-15
-12
91
-32
31
38
-68
37
59
40
-99
-78
45
-12
-21
-99
30
-2
-53
-5
56
21
62
-27
79
-99
21
57
39
-18
0
-45
33
-6
-27
35
-69
-30
11
-90
-10
22
40
61
26
71
90
-75
-91
91
-18
-68
-84
22
-52
-50
12
64
61
25
-4
-45
60
37
61
-13
23
-93
-20
-1
0
-74
61
-59
-65
52
59
-98
86
-91
-17
-71
45
56
-39
-70
42
50
-44
-82
38
-50
8
-30
39
80
-84
88
5
56
-40
-94
13
98
-77
-31
44
-70
-79
31
81
-60
-23
45
1
28
-98
2
20
-14
20
86
-56
80
34
75
-22
-99
17
-91
-37
-76
-34
84
10
-59
-6
81
-41
-41
-11
37
50
34
15
90
-2
-75
-80
95
-19
-28
30
52
70
7
91
0
66
96
2
-100
31
58
46
-71
-70
57
37
-20
-52
-49
-10
-57
-1
-26
-56
97
34
-38
-50
-48
3
-5
2
40
85
-36
58
9
-11
-54
-52
-47
70
60
37
83
-35
-56
-76
50
72
15
-94
58
-94
-51
-56
-28
-22
-14
-39
-78
31
-8
44
33
16
91
12
-27
-72
10
-77
50
-4
-89
0
-84
-74
-67
10
-8
69
-94
39
95
-48
-29
9
79
57
-2
-53
32
49
-66
4
-38
-79
28
98
-88
87
3
-86
-62
67
-82
-83
77
6
-47
81
63
46
-31
-9
79
-44
-40
-98
80
-47
-18
55
19
-18
49
-96
-69
87
52
-36
-65
43
-83
55
54
99
68
80
38
48
76
-59
-61
12
51
59
-27
9
-37
-45
73
-15
-12
-79
-3
2
92
99
-73
43
-44
-7
-4
-20
33
34
64
33
-83
30
33
57
96
-57
-63
-35
-19
-3
2
-92
-52
61
-88
-48
-89
-52
-48
39
65
-86
66
-73
-20
-6
-4
-62
-13
79
63
93
-72
57
17
-89
-71
-88
21
30
81
32
-64
35
77
42
98
-12
38
-83
-96
75
-73
73
-55
-58
-62
-8
-11
-15
-94
-1
97
92
53
45
-65
-99
35
-46
68
-12
0
97
-12
44
-54
-87
-100
42
-87
-37
-16
-98
31
15
-20
-52
-35
60
57
-27
-53
-40
66
-57
-67
-76
-55
64
50
-71
-12
55
51
65
61
75
16
-64
-15
40
75
10
42
-6
-86
85
48
-48
-24
-67
99
-37
-36
-95
41
-38
42
-67
-67
77
38
74
-83
-73
-85
89
-19
-14
49
70
-49
-61
-90
70
-14
7
-85
-82
-94
-42
-42
-43
-24
-68
-58
-65
81
68
71
58
85
-98
91
43
-93
16
63
52
77
57
-79
58
34
-81
-20
-77
-78
-84
-96
-37
10
88
-77
8
-65
-99
95
12
-9
-67
94
-8
-69
-16
5
74
85
78
53
-34
3
-56
-38
-26
-51
-42
44
52
-18
-48
73
-53
-49
84
63
-23
-78
-93
-27
62
67
-87
-25
-40
-75
-72
-78
-80
24
-27
87
-91
-38
54
-75
-24
-71
80
22
-37
3
60
-71
20
-4
-12
-86
100
-96
-83
-5
-21
9
-19
-2
-66
24
63
-1
43
56
82
-52
-35
-5
77
-44
77
31
98
85
13
54
49
75
-56
28
35
82
43
63
-72
69
44
-71
-38
-74
42
-12
75
-61
-33
-56
-95
-96
24
-10
13
96
-16
60
-48
-87
-63
94
99
39
-88
-84
-57
100
-99
-84
59
24
77
66
-57
24
11
-23
12
-30
26
34
92
-80
2
39
37
-62
-72
-48
37
-37
-37
-83
-17
43
-2
-70
-18
39
-49
98
83
-56
-30
74
67
79
66
9
92
-30
89
8
13
-30
-60
-54
26
-1
-44
-86
-24
50
62
-1
53
-86
47
-21
90
25
99
58
91
-39
6
79
48
16
81
-8
-58
12
41
-69
-68
100
-73
-98
-62
63
-4
-23
45
88
-51
86
59
95
29
-42
-58
72
-39
-86
90
69
-77
50
32
-94
-29
70
-71
-62
17
-67
17
-26
-8
-77
-65
-46
-52
-48
-66
45
60
28
85
26
-50
37
-47
66
-75
-29
-88
-68
61
65
41
24
15
4
87
-37
-74
-3
-33
-16
-49
-39
30
-12
-13
-15
85
-18
-91
86
-50
-25
28
19
23
51
62
99
78
-42
-69
88
-72
-14
9
-47
-45
-84
98
19
3
-33
-13
8
-79
-35
69
-22
78
-11
46
98
-58
-3
-9
70
88
-59
73
-84
92
-15
66
85
47
53
96
-7
-78
7
-92
48
-72
-21
90
11
-61
-63
-62
34
82
24
-22
-71
96
-91
24
67
-24
-76
-16
47
-11
26
-53
28
2
30
21
6
-50
-86
67
70
100
59
-100
-20
72
-59
79
-42
-23
-86
-16
21
70
34
16
-44
-24
-33
83
85
-72
-70
19
-29
76
-46
49
24
-74
-10
28
-50
-76
-74
-55
-51
63
-68
-8
91
77
-1
-72
-25
45
-48
67
-34
62
-83
63
73
25
-60
66
-12
-28
-80
-4
-83
70
-81
-54
-92
81
-94
-7
63
-23
-95
70
-100
-100
79
-93
-79
-45
66
12
93
84
4
98
16
-46
-67
-21
7
-85
-49
84
94
30
4
-98
40
74
26
-92
-96
-63
100
-98
95
18
20
-95
37
-58
-3
-21
22
3
-38
-1
71
15
-12
-20
-51
-58
58
0
-72
-64
92
44
-40
-64
-56
55
7
-13
-54
5
-51
-78
38
18
44
84
58
77
-56
47
-46
95
-1
-1
3
83
-20
-7
74
88
82
-14
-87
-10
-71
-81
85
-80
33
-25
39
49
-56
44
-37
-51
31
81
39
33
-84
-14
24
-19
10
-14
-67
16
-93
3
-60
91
49
-83
23
50
81
-15
33
-6
-81
73
-77
17
-54
86
-77
-44
33
-79
-35
56
-29
-54
-44
31
26
3
13
-11
52
-94
-29
66
69
4
-25
78
53
0
41
16
98
-26
42
33
-76
13
33
45
62
-43
-1
-33
6
41
-89
83
47
-39
93
-36
61
-27
12
53
-10
19
96
-34
-23
3
0
99
-51
-50
-1
65
-3
-95
19
29
-96
89
-49
83
72
-37
-83
78
92
85
42
85
-73
24
-13
-19
-2
-42
-1
50
-45
-35
27
-75
15
44
-30
16
-93
35
14
12
-20
36
-42
-30
64
37
-29
73
81
56
-11
-37
-56
81
50
51
22
-23
-45
-17
87
28
87
55
-52
-59
-5
87
-46
93
-10
-17
-36
49
-29
62
97
-67
-42
98
71
-78
-33
-78
67
42
-36
0
-35
62
0
7
95
-63
-8
-25
-36
57
43
-68
36
-53
100
48
-63
60
100
-10
95
85
-54
-19
50
96
-53
-39
31
24
27
80
59
-70
74
-85
73
-84
-69
39
-74
-46
95
-93
84
76
-100
-81
-88
-92
-13
-73
14
-62
29
87
-52
75
-92
34
5
4
90
62
-40
-96
-67
-62
-43
3
7
-25
22
79
-84
58
-61
68
-59
-63
-31
-4
-32
76
-74
98
16
67
4
9
-93
-90
-93
44
51
-38
-4
73
-75