-32
99
-100
80
15
-19
-40
91
24
31
-81
-75
-98
47
7
8
-76
-86
-59
58
-21
-84
67
48
-14
-65
-17
-21
-55
-38
59
-88
13
-3
-94
81
45
13
11
-1
-48
99
-35
-57
-40
-87
3
56
-48
31
-54
-66
-4
41
-80
-22
19
5
80
-87
-37
-71
-9
-30
-38
33
-34
26
38
34
12
49
-43
-47
-35
-11
-94
-70
-97
-69
19
7
-44
96
13
-43
55
-14
67
-7
3
-85
-34
-89
-30
-44
99
-27
-65
89
100
-81
28
82
-96
62
26
-63
29
-36
28
-47
-32
44
42
-94
79
0
65
88
18
-76
-46
30
-82
76
43
-11
64
-73
74
52
29
41
42
-21
17
88
-5
63
16
-24
0
-54
-37
50
15
-65
40
-11
42
-77
-97
-99
-21
-94
0
13
55
-31
42
-91
30
83
-55
-35
80
90
-2
-29
-41
-37
-24
-43
-48
26
-89
90
89
6
-44
28
85
-100
65
66
83
1
95
43
96
60
-24
82
8
-70
26
55
-87
-19
-98
88
38
7
-86
4
-50
-77
-25
83
-55
-4
-67
31
-79
18
51
21
-92
48
-25
-4
72
67
-1
54
-68
69
68
2
-45
-45
91
85
58
23
38
6
-28
-18
-72
-41
2
-64
14
58
-48
70
-42
-14
81
59
-72
-74
63
48
57
59
-32
89
29
4
-33
-70
24
-14
-57
96
-58
-26
-20
-21
80
79
22
69
94
25
88
-24
-28
30
-95
64
-73
-77
19
3
92
-28
-23
44
-12
47
98
-60
33
-60
28
4
-12
-94
-89
23
97
59
12
-35
-59
41
11
49
57
-29
69
-79
70
-9
-72
-45
-17
81
70
-20
66
-57
-74
73
33
62
-75
-10
-29
48
14
7
86
60
-68
-7
48
-23
-23
-67
-24
38
20
-69
-39
-46
-78
26
92
95
-80
57
85
38
-2
-23
37
-87
-43
0
-44
61
36
-80
4
-5
-76
-36
-30
16
-54
87
78
-51
75
80
28
90
94
59
-70
-39
-33
60
10
-68
79
-97
14
44
-24
-1
-58
91
35
76
-15
-94
45
-12
69
-51
28
68
-94
46
29
-92
-100
57
-92
64
-28
47
6
-11
24
-47
-98
67
5
57
79
6
1
-14
50
31
-92
-79
-28
19
11
64
84
79
48
76
62
-12
-52
40
88
22
-59
94
92
-38
-71
82
54
5
68
65
99
-20
-95
28
79
57
89
25
-43
20
34
-26
45
-84
0
-12
-22
-83
-79
-8
51
34
-91
-3
-82
49
-42
12
95
-5
1
-90
46
-58
1
-84
-22
90
66
79
61
-88
67
-18
-8
-7
-53
35
70
-30
-59
-62
26
65
-4
41
-42
-98
26
-91
-57
-6
73
18
58
56
42
-33
41
84
94
-74
96
100
-8
15
-20
-28
-34
47
-56
5
-98
-65
-75
81
-33
-91
-71
-80
19
-1
9
-57
46
51
48
-75
1
94
51
-30
-35
-83
87
32
91
-43
90
-9
84
18
-56
7
-70
0
-88
-20
-18
86
-89
58
70
-63
-61
94
85
27
-99
-37
-86
3
-58
29
78
-95
-9
-42
-76
-79
58
84
100
41
85
-87
41
27
29
-92
-28
-18
-18
-92
-5
-7
-38
28
-74
-93
51
-71
96
76
93
60
-30
-84
-42
2
-20
27
16
16
-60
-26
-83
-77
-51
77
28
60
32
-92
71
11
-65
-88
70
7
82
73
69
-68
-79
-8
5
-12
45
93
22
46
-56
-59
17
-6
-81
-79
46
-48
-78
96
-76
75
-97
-67
-28
-81
-54
15
-55
9
-80
-60
-8
-74
-72
-16
-91
-86
-69
48
-16
-88
30
-94
1
96
-7
94
4
-47
51
-41
4
-4
54
69
-36
93
8
21
-57
-95
0
-21
-33
9
91
79
-97
-64
-34
56
39
63
82
-61
11
-47
17
-64
-13
88
-84
35
-4
-58
12
16
-100
75
23
-25
-77
-91
-53
4
-27
72
30
-85
25
39
98
65
7
75
37
43
28
-25
-66
-54
29
88
66
-17
-20
-55
-67
-96
-51
45
-91
-87
0
91
17
-57
-8
40
-89
11
56
23
-36
16
-25
-2
-68
-97
-17
75
-15
18
5
77
-14
-6
1
-35
-66
10
20
-7
-94
-41
50
-93
22
18
-69
-82
79
89
-35
-48
31
41
-89
67
-65
-50
36
99
8
19
98
85
81
15
82
-57
47
14
-48
-78
79
-12
89
91
28
50
59
85
-57
13
57
-71
35
43
24
-28
31
49
51
15
7
-38
-95
-1
-28
-26
52
60
76
-68
-58
-17
81
22
-61
-57
-64
-45
-95
-61
-99
86
10
85
-82
88
43
11
-94
-65
-90
-41
-32
-97
83
-77
-40
46
92
24
-56
99
-74
-70
99
32
25
92
-63
42
83
-94
-43
34
-87
33
-44
-88
-8
-90
-47
-7
11
81
78
48
72
-28
-26
-73
58
-50
53
38
1
-62
-67
-80
100
-15
-12
40
30
-50
-85
-19
-93
-6
-43
-96
69
-50
93
-100
-56
32
48
11
55
8
-79
-52
40
38
43
61
53
-28
-86
37
-19
14
99
81
11
43
28
-83
-89
20
-100
-37
-61
-70
6
55
-54
-24
5
-47
44
-27
14
51
-67
47
-91
-90
9
16
90
-26
-26
35
-34
-23
-93
-75
86
-76
48
37
65
-46
56
-42
-70
-16
16
70
65
50
-84
50
-8
-25
55
64
63
100
-9
32
91
87
-55
18
7
-8
18
88
32
-40
46
97
-73
16
-90
-18
92
-12
65
-1
-23
-29
-20
16
20
99
-75
81
-50
66
-88
58
41
16
96
-38
38
-23
94
27
34
-4
-19
50
77
8
-26
-98
85
11
3
86
24
-79
78
-53
39
44
4
99
71
-98
24
-71
81
64
-73
28
-45
-87
-15
-85
-44
1
98
-13
-44
61
-23
61
-48
88
-73
-6
59
43
0
-70
74
-24
35
-30
22
-9
62
-5
51
52
-98
93
98
-9
-82
-99
-98
1
-32
-17
-22
15
11
14
34
75
98
-1
-76
-7
-15
40
45
-50
3
-95
-81
34
-7
-39
-52
27
94
35
-75
-94
-46
-66
-39
88
-51
-92
-35
36
-67
1
21
88
31
-83
-61
28
94
42
73
-52
99
-6
-95
4
-72
-94
85
94
-33
59
-29
74
-90
-80
38
-91
4
77
15
82
-64
-91
53
-75
-88
83
-8
-85
18
20
83
-18
90
87
63
8
-79
-81
-25
-100
-12
70
23
17
70
62
69
-86
-66
-57
41
38
-30
-13
-95
100
80
35
-59
83
70
-87
-84
3
-63
99
-17
54
50
18
67
-55
-15
-65
48
33
-62
94
-80
-59
-38
-87
-90
49
-9
26
-70
-43
-23
-4
81
75
-64
15
43
-74
64
-77
-7
-48
8
-27
-19
-7
-92
44
-100
-46
28
-9
-33
-10
-14
-51
2
-59
22
15
-66
88
-24
-42
8
-3
89
22
-31
-94
28
66
56
-8
-92
66
-52
77
83
24
70
19
-83
68
-68
7
30
13
3
75
-94
98
-62
35
-51
-11
-9
26
-79
-13
-29
38
-81
95
-12
-34
-70
-68
-56
8
32
-39
94
-9
75
45
38
99
59
46
45
-24
36
-85
10
-6
43
-70
-44
45
-70
-39
-50
-13
88
14
24
82
63
-76
-46
7
65
-66
3
38
-45
-35
49
-79
44
-80
98
7
-19
-57
53
-69
41
-72
-96
-83
-45
-41
1
29
77
-4
8
-12
-99
-29
77
-94
-40
-96
-53
-69
32
16
69
-17
47
-83
13
-40
60
65
48
-62
-75
94
-17
3
29
-55
-69
-88
70
61
28
21
89
-74
51
-70
-8
-33
-23
93
62
-54
-95
74
89
-5
80
-21
92
51
66
37
74
-98
83
25
-4
-33
-96
21
60
-9
-6
9
55
58
-10
54
46
34
-11
50
-59
-86
22
80
7
-42
-37
91
-50
-53
-13
-2
-71
24
76
36
13
-61
-15
87
-62
21
38
-80
70
-77
17
-84
-12
-87
-7
-67
-54
-100
34
78
92
2
67
18
-28
-80
54
23
-19
-83
9
-9
39
-82
31
-90
-76
-96
-35
86
-58
53
-80
14
71
-7
99
76
85
-37
-37
27
-62
59
44
20
-38
87
-10
74
23
100
83
68
21
47
82
-25
-15
23
15
-9
-16
9
65
21
-11
-76
79
8
-70
-63
-71
60
-48
-24
24
25
-36
-40
23
45
18
40
-15
19
53
28
40
58
-77
40
-31
-31
-63
66
-66
17
2
-78
-78
-26
57
-1
-84
32
-60
-87
72
30
-84
-23
-45
84
-72
-32
96
17
30
38
-5
-95
-29
-27
-1
54
-79
57
3
-53
-26
55
44
42
-35
57
-50
-41
-36
-82
-81
65
31
92
-54
-86
21
55
-55
-43
97
-2
-58
42
23
53
33
-80
97
19
74
-28
-41
49
-27
-65
-28
-34
-15
78
-67
5
-16
75
-85
-41
41
1
92
-87
-35
-28
-58
-51
-93
16
22
70
2
-39
-49
-58
-6
-76
-62
-28
75
-54
-34
-28
8
-38
43
-22
25
19
80
26
29
-85
-100
87
-61
-36
-48
65
-58
33
-46
-85
58
35
-70
86
-18
94
94
87
-85
-99
-100
54
-55
-16
74
90
-13
91
-69
79
-48
-34
40
24
34
52
-13
-47
17
1
-46
69
7
-39
62
51
-25
-19
43
96
-88
-86
-13
85
12
-75
33
-7
-80
53
46
-38
-73
79
-61
88
-59
-100
-39
-51
96
-36
-84
-24
93
89
-35
-94
-96
1
53
-3
95
-100
-93
-58
-5
-34
-58
-64
-73
92
-6
-76
-53
-41
59
49
80
-2
71
86
81
-34
-81
-20
-24
82
55
-51
4
-69
5
-92
-13
32
57
57
-65
-13
-5
4
93
13
82
87
85
-68
-74
29
1
6
43
2
48
99
-85
-59
-63
46
5
-71
-27
-13
-85
8
40
-25
66
49
74
65
42
88
19
11
48
20
-36
-63
47
7
-3
65
96
4
-86
-30
43
-48
59
-28
-50
-48
-71
-69
-3
-61
37
55
-2
20
67
-12
46
26
49
-57
-53
38
-40
-28
-16
73
59
52
-91
58
7
-24
-37
-38
-38
76
52
-27
-38
48
-31
38
40
96
32
-14
-55
-9
-84
-33
-76
-68
56
94
37
76
-92
-19
-19
-49
-74
-4
-16
3
40
-26
9
-29
-96
41
12
-98
97
84
71
-87
29
13
66
-28
-15
-83
69
-88
2
-20
60
29
82
30
9
-25
-43
-58
82
66
-78
-74
-18
19
-77
94
90
-41
-75
-31
34
8
-31
92
27
27
63
-66
-18
-8
38
-30
83
78
-39
-39
21
-31
-51
89
-90
70
-60
16
-13
-5
-51
-4
-23
-95
17
3
-47
-77
-44
32
-16
9
-81
53
-89
-32
28
82
53
28
-35
-40
-71
-66
82
-15
83
10
-79
-42
-14
-28
10
-91
83
-47
-36
98
64
-99
-9
16
-56
-90
61
80
-72
95
-39
-84
-65
95
5
-51
58
69
28
24
1
57
23
-87
-25
-29
-100
84
-50
-3
-90
-95
15
42
5
-36
-6
-44
-18
-72
-70
-35
80
69
-11
34
-96
61
-42
50
-6
-16
46
19
24
-11
-48
-24
-10
69
5
51
-49
58
24
-11
91
-34
-61
77
-87
74
31
97
-82
11
95
-14
53
34
-98
-75
1
-46
-100
-95
-40
58
-92
-14
-37
45
49
-38
72
58
59
-74
100
-94
-8
10
-94
-99
11
-35
-22
-88
-1
43
42
-17
-84
-7
-50
-20
-16
59
32
-96
28
-62
-32
62
-80
-50
-62
1
-88
92
-28
-30
-30
83
-49
-55
-92
-29
-5
15
-62
17
30
-1
79
85
86
-5
47
74
-79
76
56
82
-55
-68
-37
28
-53
-90
41
-4
-67
55
-79
57
-56
-98
-88
20
41
42
63
-75
12
-17
43
34
81
-29
40
-98
-64
-77
-93
-32
29
-9
12
100
37
85
-35
-94
31
-22
61
33
-92
56
-36
-39
-76
-61
-45
58
83
0
79
-88
-69
-41
18
29
81
34
-30
55
75
-97
2
-42
39
19
10
-95
52
-97
-21
15
7
32
70
-76
-51
40
27
88
-29
-80
93
-11
31
78
32
-69
62
-51
89
-60
95
61
87
-13
-22
2
-96
-76
-7
45
-16
34
60
19
71
-37
-34
66
99
81
96
37
1
96
90
61
-91
32
3
18
-6
-50
78
-93
0
56
76
2
-64
8
-58
-43
36
46
63
-6
-90
81
-6
-87
-48
-20
-100
94
-58
80
28
-97
-62
84
6
-59
36
87
22
-6
65
31
-2
-44
-1
43
-52
26
-96
18
68
14
2
-52
-70
-61
37
17
18
-6
84
50
100
3
26
62
-36
-7
-48
-36
31
-14
-98
79
13
-41
100
-14
17
-52
15
11
-63
-32
-93
-84
4
-93
4
-97
-68
28
-97
83
55
23
-59
-92
16
-13
-62
66
-26
-46
-77
86
70
-84
61
-57
-3
9
-77
33
-90
-36
-75
98
-23
15
-7
-25
-72
16
90
-36
83
-52
-67
-36
-59
42
20
-49
77
-56
14
-60
53
-23
-38
-67
53
-82
17
48
-36
-65
99
-15
25
8
77
-72
16
38
-29
42
50
82
-9
-26
7
92
54
-72
-40
91
-12
-93
87
56
53
-65
51
89
-51
-79
2
21
72
-75
7
-65
7
94
14
-77
28
-58
-82
-48
0
46
93
-47
82
-30
-7
-14
-20
35
89
-27
49
44
-61
22
23
67
-70
89
-9
-28
-91
46
58
53
41
66
94
-31
88
-39
-1
-1
61
-72
4
-56
-81
-89
-64
-92
8
-79
-42
-93
-74
18
-30
4
73
26
-98
76
19
70
86
-27
-57
77
79
-24
-34
-55
-70
-93
81
100
69
59
21
49
61
-82
-9
88
37
29
9
-37
-57
-45
-88
-49
76
-63
85
77
30
-52
13
-19
-59
66
-52
-7
27
77
-50
-14
51
17
82
-39
53
84
88
-84
-85
73
65
-71
-67
46
66
-82
76
-75
1
-32
-77
80
17
89
65
46
25
-70
-51
37
33
-28
71
12
62
0
38
-61
31
-71
39
43
-48
-20
38
-30
-20
-60
-98
-75
86
83
-31
-54
51
6
10
96
-30
-89
-57
-96
59
-24
87
-67
82
65
-91
92
49
46
-70
-57
-57
79
75
68
49
-88
-60
-61
-10
-46
32
23
97
90
-96
-40
77
-40
-29
-1
79
30
82
62
-35
-77
35
30
-84
-96
13
95
16
-80
84
34
73
-33
-19
-5
76
2
34
28
-17
-34
-56
82
-78
71
21
-83
6
55
29
-52
-63
-93
39
3
26
42
-55
81
2
67
98
-98
-43
-38
89
21
-33
63
35
62
-66
20
-71
70
-10
13
-63
-42
-31
58
-62
-14
37
-21
-91
57
-25
-75
81
30
-32
-36
81
26
-10
-63
-64
31
-45
-28
-71
-58
78
32
-99
-42
-85
33
-55
11
91
-78
-78
36
9
-85
66
94
20
-89
-19
-22
55
61
53
81
-96
14
-56
-25
73
98
87
-34
-32
81
21
85
91
78
-93
-22
-64
34
-48
19
-100
-64
-78
-49
48
8
-93
-56
-4
-41
-89
-5
49
32
-38
-31
20
-10
-65
-12
51
46
-97
13
-99
72
29
-18
-43
-2
31
60
79
47
-19
74
4
-70
4
-14
-13
94
-25
-81
3
-56
99
97
-15
-83
49
13
-70
14
3
80
-36
-2
-66
85
18
-81
56
89
25
-17
7
93
-9
78
-35
94
33
6
-89
78
61
17
-12
26
-63
47
-71
-84
-99
13
69
8
-97
55
23
43
-3
22
95
-12
84
-27
-39
-10
42
-81
72
8
-62
58
-94
-14
-46
34
87
-74
-18
-56
-31
61
74
3
-56
42
-15
-73
-2
6
24
-87
-59
52
72
-20
-73
-11
-46
-54
-6
-23
-78
-52
-69
99
87
-85
-64
32
-7
-55
7
21
31
52
