70
-22
-39
-2
-45
83
-25
-90
7
13
-66
13
-76
63
-77
1
-52
97
-12
-99
45
18
2
-46
8
77
-49
-1
-30
20
-59
-39
27
-43
79
1
-64
-70
42
67
63
-67
-54
25
-14
86
6
18
27
88
9
-57
-5
-23
56
-26
-16
72
-48
-65
45
-5
-20
-63
-78
-23
-53
-68
-32
48
69
-89
82
-4
-9
64
37
-47
-66
49
-42
40
93
54
95
2
-65
-38
-79
-82
46
-89
-23
54
99
-11
-40
-38
51
-95
81
-18
14
8
-32
68
-40
-68
-81
15
45
-50
-35
-93
34
56
7
-33
-17
-44
4
-85
52
42
63
-57
-47
-99
-48
-48
-18
31
18
73
92
44
-86
14
-45
-15
90
33
-35
-93
-14
73
74
-68
-69
98
21
-54
34
-51
-71
79
-39
6
63
6
-30
-67
-16
-14
29
-63
-51
-46
-98
5
-56
-39
-68
-60
97
0
89
-26
-87
64
38
59
11
63
65
-19
38
-62
53
71
-68
65
17
28
-10
-60
21
87
-62
-23
80
-48
-77
-62
64
-85
-12
18
-68
72
-10
-89
-30
73
79
78
-93
-31
63
-62
79
-46
-52
-17
85
-98
-40
47
-31
-19
-94
-93
89
-70
33
87
-50
-9
37
96
-49
16
58
49
77
-34
40
85
76
87
13
-62
-23
33
-13
12
57
41
28
-99
19
34
76
-93
-5
2
-13
87
7
6
80
5
-87
-49
100
-65
-1
59
-42
-96
-7
-81
30
-43
34
-7
-81
97
75
62
7
35
50
-53
69
-32
46
50
8
69
-26
-90
88
-30
-27
-34
91
91
4
-4
18
-90
-87
61
56
-90
-93
-88
-35
51
-45
32
0
38
-76
63
-85
68
61
9
82
27
93
-40
9
15
-18
-54
99
-29
53
-93
63
62
22
-90
-21
-99
-11
-36
-83
10
-1
-77
31
13
94
-76
-81
-30
9
63
-91
45
52
-79
-97
82
-89
-40
-25
-74
-31
35
62
-39
-16
-55
6
-63
56
58
-85
71
-44
-17
-14
28
-85
-51
0
5
-29
6
60
-72
67
-77
-66
6
53
-64
65
-48
-92
13
68
6
94
86
63
-50
-82
67
-31
84
35
-19
77
-21
-95
-61
-22
-77
-50
29
-82
-62
92
50
72
8
-35
81
-46
-38
-8
-97
57
-44
84
8
33
-1
79
-79
-90
83
-93
54
-36
51
13
-92
94
-31
-23
32
1
-1
98
-19
-29
27
35
72
100
11
84
-64
-33
11
-50
-54
-94
-57
96
-36
73
6
64
9
-97
-44
-39
14
77
66
-10
-85
-48
-10
99
41
25
88
-61
-82
-52
-8
73
46
-8
12
-92
-59
-11
89
-17
-75
2
-42
-49
39
22
-53
-82
-82
-84
70
14
-80
84
-100
29
-7
-60
41
47
15
-69
46
-32
21
19
-54
12
41
37
-26
70
44
74
-58
-7
-72
-7
-85
-34
-36
-18
8
-15
38
-92
92
33
-31
72
-28
69
-91
48
-57
96
16
-7
55
-1
-39
91
-64
71
-29
-8
-94
-33
-71
-29
88
-50
-34
6
-77
-87
43
28
-67
52
-88
-38
-75
-13
-19
-18
-8
-77
-56
-16
21
-74
-33
49
1
95
-41
35
-73
76
-58
-29
14
25
99
-18
-90
-54
76
-26
10
98
-99
-73
-4
-85
-16
-55
74
92
63
40
-90
77
77
-87
-4
-47
28
50
45
-45
-29
-87
62
82
97
-7
-1
-31
-57
-62
69
99
-22
94
44
-59
-78
56
36
-76
-76
-22
100
59
-13
17
-54
83
79
88
-61
42
87
84
66
-19
77
-60
5
63
96
-94
70
-33
2
-24
1
-57
-60
54
-82
-55
34
85
-23
35
96
-81
8
-84
-1
86
-92
-81
-57
73
-32
43
20
-4
-72
27
72
-57
47
-89
42
76
-29
-76
-41
53
19
-62
93
8
-45
-66
-81
39
22
-12
79
62
11
48
-12
-38
-23
91
-89
16
-35
-87
-72
-32
-51
49
-66
-63
-90
-4
-85
-14
63
-37
-98
59
34
86
-79
-92
-58
76
27
60
-32
-26
-63
3
82
-7
49
-2
78
19
-58
-98
69
-54
-53
92
87
57
-41
29
43
27
19
-48
-7
-14
-56
6
43
-44
-36
-51
37
87
-37
-84
69
67
70
-99
35
48
-40
-54
17
77
32
71
-19
-73
-63
-5
-49
2
-32
79
-64
-65
-27
50
-30
-6
-20
81
-80
-38
-48
-28
30
-24
-77
82
2
61
-73
-47
-63
-74
73
27
20
-84
-47
-85
66
24
58
-11
51
-86
-96
46
-74
52
98
-59
46
2
-1
96
21
26
-92
-68
-92
-78
-49
-8
-71
-53
-90
53
68
-9
-56
-12
70
-71
-87
35
-10
-1
6
-85
81
-2
-20
-71
-76
3
45
88
-49
-92
84
-67
-45
42
2
66
-75
-98
48
2
-6
-16
37
83
-6
67
76
-88
-38
-82
-93
-85
28
-45
22
22
-19
-54
68
4
-9
8
-50
65
96
15
-60
93
-49
63
-73
-23
-99
-33
-39
21
-93
-18
-79
-36
-46
-91
-42
-6
91
-52
-97
-94
-84
10
67
-40
-25
93
-85
-88
83
-53
72
-28
-35
-2
-9
-85
-44
-87
64
29
4
-10
-9
26
-2
94
78
-17
97
-70
-26
-63
-90
-57
-78
-90
-56
-81
-49
-28
-1
6
24
-23
12
67
-38
-33
10
-81
-74
80
75
-60
-88
34
64
64
24
-37
93
-21
-32
22
-91
71
-17
-2
-98
50
-45
-49
22
37
5
25
-7
-14
-64
-31
79
7
-96
97
71
-85
8
58
24
-7
4
-88
-95
1
-24
-60
39
-6
88
19
42
-66
61
-63
33
-31
44
-60
0
-82
7
83
28
-53
12
89
-92
82
-35
-83
-67
-28
88
22
-42
-77
-66
14
-29
28
-9
34
-20
-76
15
-59
-9
80
-31
28
-55
5
1
13
90
-80
18
-45
-82
90
78
-27
-79
-88
-5
12
-48
-38
27
97
-37
43
-31
-65
79
-13
-35
-43
22
83
97
-77
78
88
39
-97
40
91
29
-93
-47
-17
44
35
-99
-21
41
99
-54
-80
86
-75
-15
-56
-82
85
30
-82
-5
54
70
22
19
28
-9
-69
-57
18
-47
89
-19
64
-90
-65
-55
-61
58
6
94
1
50
-33
-76
-73
38
30
81
-69
79
26
10
-49
12
77
-100
-94
57
46
-68
-23
17
36
-16
-99
96
2
32
-69
68
-89
68
68
-97
-76
45
-11
-21
54
56
15
-2
6
-4
27
74
34
-12
-52
20
71
5
65
100
-97
-24
94
-57
96
92
-63
-79
7
-47
69
66
-68
-50
-58
-28
60
47
67
4
0
-10
-55
70
-79
14
65
-41
-78
-63
42
-2
-82
-46
-54
-60
48
11
-38
43
32
92
41
-32
-72
28
-8
58
14
95
73
14
-92
11
-49
-99
-72
24
-57
93
38
96
-91
-8
89
99
44
88
-29
48
46
-4
94
63
-82
-13
24
-68
-41
65
90
58
25
13
-37
22
35
27
-33
-96
-10
98
-86
-50
60
-13
77
-2
-4
100
53
-34
68
83
100
-15
89
11
-41
2
25
22
-23
-67
-85
-54
50
-39
22
61
-90
-92
62
-54
70
-80
43
-52
-47
2
-45
-31
-69
87
-85
34
-12
-49
13
61
77
-89
-56
-29
63
-52
-25
100
-7
31
45
-71
-25
15
37
31
-43
-37
23
-78
-88
77
-96
65
-22
-30
-94
-42
-55
-78
-14
13
-49
25
23
38
-62
11
68
0
-36
-48
23
30
50
86
78
-40
48
35
-36
44
26
91
-78
52
-79
35
-74
69
52
54
24
-64
-59
-51
21
67
-40
-25
47
-29
0
89
50
-37
51
23
-10
83
-16
-54
66
69
29
-99
-27
93
91
35
7
59
-51
68
54
84
-50
90
-48
91
-7
25
6
-52
-95
-78
5
87
88
-34
20
-52
11
-47
-41
51
52
-12
57
-47
69
93
16
70
-70
-35
16
6
-42
-47
2
9
-73
57
-94
-35
-12
54
-44
33
-49
10
-32
49
-47
-12
-69
29
9
28
-84
50
-70
6
77
-41
-6
96
-64
-56
-14
-26
38
-44
98
-62
-4
48
-98
80
20
-51
-57
-15
98
47
-5
82
-79
72
17
-64
-98
-6
52
-33
51
94
9
-95
-49
6
-48
5
52
-53
-18
14
-88
27
89
-15
90
-49
-61
95
-88
-96
9
-84
-70
-61
-53
65
-97
91
-81
-87
-74
-68
-26
12
2
-91
71
-56
-12
81
93
41
-27
56
-93
-65
40
-64
84
3
-89
76
-89
-34
-16
-17
-4
-1
-30
-11
62
42
31
-99
31
43
-82
-70
-76
-72
-74
51
-44
40
78
26
84
-18
-75
-22
-23
89
-14
24
-74
-67
-76
94
25
-6
-43
43
-17
17
-73
24
-35
-86
14
28
-79
-36
-7
42
82
-35
18
-57
82
91
-27
99
26
57
36
36
30
63
-42
-53
2
21
68
-16
51
2
55
84
60
81
58
83
-16
68
-1
9
-53
-7
16
93
-1
16
99
31
-56
72
35
-15
-29
73
-25
-19
-90
-6
3
11
-11
-53
-66
9
68
74
16
71
-99
-12
11
78
-43
78
50
-1
-22
7
-60
71
55
78
65
-70
-33
-8
38
-86
23
96
87
56
-78
-22
-53
49
-7
-78
-34
-74
-74
-19
-87
47
-46
56
-14
-97
-17
34
17
78
87
73
46
26
-8
-67
0
90
32
90
-79
99
-27
0
40
-47
48
-3
-38
-89
12
94
-9
-68
77
8
-50
-98
-47
21
10
-83
-75
-80
74
92
-27
-45
79
75
42
57
54
-27
-95
-7
36
-98
-8
-27
-42
44
10
42
-17
-91
-25
-35
36
46
20
65
-34
49
46
67
-86
-42
45
-16
25
-30
33
5
-47
-89
49
97
-63
-48
-4
57
-96
-28
-88
99
24
15
5
15
-78
-40
100
-98
-52
40
-98
96
-20
-58
-66
14
100
2
-62
42
16
73
-33
-29
-54
-44
-54
67
6
75
-74
47
62
94
32
-51
82
76
-97
-79
94
42
28
-59
-21
-66
-93
-58
53
-45
-61
-51
31
-99
88
-94
6
-51
-81
25
-63
-79
-7
71
75
-42
100
97
52
6
-85
-76
25
-45
0
33
32
32
3
7
-46
98
-51
-88
-26
-14
-26
-57
65
-85
-35
2
44
85
21
47
54
59
-42
11
2
-68
49
97
55
49
32
37
-52
5
44
-71
-8
-69
-57
2
-53
-71
46
7
-58
-89
-81
37
-79
71
-2
-35
24
7
-100
-33
-91
-54
-54
-92
-15
82
93
-25
-18
-10
34
-71
-64
-99
-46
-45
53
79
2
98
-34
-74
-31
12
-20
9
72
-11
-63
-72
5
-54
22
98
-1
24
-78
1
-28
-77
-92
-12
97
27
2
-48
13
-6
60
93
22
-17
-39
-5
-17
-15
18
87
-96
-60
-27
-80
17
54
-28
65
29
-46
22
10
-63
76
-28
-83
36
38
-56
91
-19
14
95
-3
-45
-37
-21
14
-68
-58
-19
-71
-77
-59
-98
-30
-57
22
83
63
-1
-27
-15
8
-5
14
-43
81
-85
73
86
86
6
-100
60
77
90
96
-57
86
57
21
-33
-65
33
54
62
-49
-26
91
72
-89
26
-42
70
7
-42
2
-28
-22
43
10
44
98
3
-56
79
-93
48
-33
31
46
25
-87
8
84
18
58
-15
-97
85
-34
-18
-14
-26
-36
5
21
79
-31
15
-100
66
80
78
-42
-38
-30
24
30
60
82
-97
-50
11
-47
-55
67
7
30
18
2
-41
13
-55
21
47
-71
59
-97
20
98
78
-81
-71
-100
-14
99
92
-97
78
-70
-75
25
-89
37
-61
-94
31
72
23
-65
-68
-16
-54
-20
-95
42
3
-29
-98
42
27
-19
-86
-21
62
29
-16
93
-74
-28
-94
64
22
23
79
36
-82
-17
-85
-93
-30
37
-58
77
-37
60
-18
38
65
-11
22
-9
30
-70
3
-100
-9
90
-49
34
85
47
49
93
-96
-81
19
-71
59
43
12
48
76
33
100
-29
67
23
30
-76
-39
-23
65
-21
-70
-48
-29
-40
-29
82
-81
-21
36
85
10
-76
66
89
11
-41
72
-44
32
-91
-43
-4
69
-34
-63
-83
-60
71
90
53
-97
41
-39
-36
-95
43
60
93
-37
75
-10
28
78
54
51
-63
56
97
-51
33
40
32
90
17
-67
-81
81
54
-99
95
54
-5
-24
-20
28
-1
18
-60
27
68
52
-45
9
51
80
58
-29
-2
93
-83
75
60
66
-7
71
-4
63
9
82
-7
19
-85
59
-37
7
-14
-18
45
-21
-1
-37
17
-66
4
37
62
70
-67
15
-91
-37
-35
-30
49
10
63
-83
5
45
-96
84
-71
13
66
-53
-2
-42
-67
-94
52
-44
-75
0
13
-46
-14
17
-72
97
85
44
76
-20
-72
68
81
24
79
-4
71
-19
-37
-76
-69
85
61
-9
-15
32
54
-87
-80
38
75
41
99
-35
-83
-76
-65
62
43
-20
5
-88
85
-39
-79
53
4
53
-2
-24
-65
30
-6
0
60
77
61
-76
-29
37
84
57
81
83
-94
36
6
-67
-92
-44
6
65
-15
21
89
-57
-14
-80
-28
69
-82
-91
67
-80
-92
-20
-89