-23
-56
53
96
77
75
85
-85
-74
-82
-89
63
-27
-14
68
45
15
-29
-20
41
-66
42
9
-94
40
88
79
58
2
-82
67
36
91
69
-83
19
77
43
89
-50
-32
48
95
-44
13
-3
70
19
-77
-13
10
-52
-68
-42
95
86
-16
-4
38
24
-28
-78
-39
98
95
46
-90
86
-98
59
27
82
-95
82
-31
24
-37
-89
9
-78
11
76
49
-14
45
-79
-37
-31
83
16
-44
-25
2
86
-57
-56
-73
46
91
12
-81
75
-83
26
52
38
15
38
-42
-89
-65
-94
7
-50
79
-42
65
-30
-55
75
64
57
3
45
91
-61
18
50
35
-11
29
-29
-24
13
-30
3
60
1
89
-64
-24
-42
-79
-24
-46
-69
-5
78
-72
-92
13
-10
94
94
-20
-26
16
21
52
-1
-17
8
-68
56
92
-89
67
8
4
-70
-11
79
-70
47
92
67
-75
22
91
52
-39
-37
-61
-5
97
74
-1
-85
14
34
21
-27
67
99
-64
83
-41
-4
-90
76
-50
-20
-42
48
-97
56
49
69
19
64
85
40
48
4
-20
73
-42
86
-99
54
42
92
-66
-28
80
75
-52
32
-78
42
-65
14
65
81
27
-63
-38
-4
61
-48
-49
-34
-2
-94
-3
-25
79
-100
-32
-2