-9
82
-59
46
-77
-44
56
34
-98
-67
-98
79
62
0
-98
91
12
-78
-49
32
78
73
27
44
-99
-10
99
23
-9
96
98
-17
-51
54
14
5
-25
26
37
19
-29
-37
81
12
36
92
99
34
44
20
-34
75
21
-3
83
21
15
-93
-49
-62
-77
62
42
-1
50
-27
-24
-16
32
-72
-71
96
-63
78
46
88
26
-34
-74
46
97
-44
16
77
-49
-9
-37
49
39
44
-18
-32
-55
-57
-50
-84
48
25
-1
-4
-96
7
77
15
-12
44
31
47
-28
94
31
-8
-3
38
48
-81
-30
92
-97
79
-68
-24
7
92
-85
-74
-67
-6
52
35
-80
92
-29
-45
-71
-88
-24
8
84
14
-93
5
91
-38
26
59
68
-17
29
-10
-94
-1
-50
-41
37
8
98
-27
71
-80
77
65
81
16
44
-64
76
-3
55
-78
97
9
3
-93
50
-87
-9
-26
-61
83
-42
-66
-50
-74
-84
-19
7
-3
13
46
86
0
78
-79
-77
-78
84
25
-95
28
-65
54
-82
78
14
3
-76
40
82
-58
-65
33
84
-61
-7
52
-97
1
-62
-96
39
94
39
39
-68
25
15
-8
-98
-48
-17
39
-66
-51
70
59
-31
-98
99
18
-80
57
-37
62
-92
79
18
-48
93
0
34
10
-15
-54
-94
83
-73
-12
44
-73
23
31
-64
-96
66
99
-84
-68
63
-22
12
44
36
-95
-22
-66
39
16
-84
63
-15
65
61
-61
-2
70
-92
60
47
-89
81
-42
25
-47
40
-60
-5
6
73
46
11
38
23
-84
26
10
89
70
-79
-30
-1
99
93
-39
41
-77
-32
-42
-89
49
57
49
91
-47
35
80
37
-73
-50
-94
28
-100
-20
-19
-84
-44
-99
-60
20
15
-50
-5
3
37
-97
52
-6
-4
-20
-82
60
18
63
-10
-79
61
83
-15
54
66
-91
73
-25
55
92
-77
-78
-29
-39
-76
-83
62
-45
-43
-60
49
-98
-43
43
-20
-40
-98
19
45
-54
7
84
-100
73
-59
69
36
-90
-91
96
12
7
-2
71
-84
-22
-69
-21
4
-83
47
11
-6
-22
83
26
-84
-20
-77
38
72
-51
100
-31
90
-84
92
-87
62
-67
48
43
-75
-77
51
-9
-61
66
-68
-47
-14
-78
98
-13
74
17
6
-21
37
-32
-82
-10
-39
-8
79
74
-18
-9
49
-80
39
87
-49
-64
47
-74
-32
-97
45
-4
97
-12
95
17
100
-52
19
-95
-12
-51
-4
88
-43
99
83
-89
17
-49
57
99
-21
64
83
-17
8
35
77
-11
-86
-39
-57
54
59
86
54
33
-79
-1
28
20
18
-52
76
85
-66
85
5
-57
12
-79
-8
11
79
8
36
-25
-61
-95
-57
-82
-50
76
-50
45
78
-36
61
-53
81
-41
-66
41
-10
-44
12
-78
-81
15
4
-77
29
-35
14
71
-80
-76
72
18
-70
85
48
73
64
-64
27
-64
49
-66
5
-86
-3
10
-54
-1
42
59
61
-74
-1
47
-64
-2
94
77
28
99
92
-3
-70
-42
16
-20
-3
-45
-80
54
35
67
-70
-65
-18
68
-11
-27
89
9
50
-60
-37
84
72
88
-37
-59
20
81
61
67
-52
79
-100
74
-86
-51
-1
-90
-44
42
-37
-75
83
-93
-27
-46
-53
-88
-90
-88
98
24
-46
-81
-81
62
-9
-12
-32
-1
66
74
22
77
9
27
25
-62
-53
-51
-52
13
40
51
71
7
-4
-4
-91
-95
-50
-50
6
60
-34
75
-44
-83
-86
-67
-99
35
-86
-83
60
65
21
-3
-56
-52
-80
99
-83
-70
-64
1
99
-1
75
-14
37
-20
50
-53
-53
96
-24
-19
27
31
68
-89
-65
-66
-100
20
23
-93
-71
99
93
-97
73
68
-74
61
81
-22
72
46
89
4
34
76
-15
-33
-56
58
78
-31
-24
78
-1
44
63
5
-66
-46
36
35
83
18
-81
-29
-33
37
61
-1
-35
82
73
5
0
-21
9
43
-22
-15
-20
-45
-27
37
-46
-45
-29
58
84
14
1
65
16
82
-4
39
-28
57
-46
96
81
18
60
23
-91
-39
2
-52
7
-90
89
23
-42
89
57
12
77
77
54
-9
25
63
-4
96
-78
-71
6
1
23
32
63
-53
-94
30
86
-38
-76
49
63
77
89
-40
-34
0
-40
-42
37
41
-61
-59
12
-79
-67
51
-2
66
47
-33
-32
-24
79
-48
96
-7
-48
77
-59
-1
98
-62
-68
-19
-5
-34
10
-57
-35
-13
99
23
83
-14
63
-85
-26
12
19
-5
57
100
-22
33
-64
-22
14
27
78
27
-73
40
-55
-23
-97
37
86
61
-39
4
-57
16
41
-21
-73
-5
7
35
49
85
12
38
18
33
-55
67
86
-75
83
87
-64
-12
99
28
50
-50
-30
-61
39
50
-5
40
-99
49
59
48
36
69
-44
68
12
74
-21
-36
-92
40
-34
-97
88
-88
-66
-76
35
50
62
18
-66
-52
1
41
57
-23
-79
-13
-21
97
98
-55
24
-37
-65
2
48
-55
7
-48
-6
-13
28
54
0
9
-50
-9
-59
41
-66
-79
-56
-35
-64
-93
17
-98
17
-41
18
50
14
97
15
-74
-12
95
38
38
-30
-36
99
-74
-96
29
72
76
-9
-47
35
33
-60
59
73
78
-55
24
27
36
-51
60
-45
40
29
-71
66
-96
-19
73
2
14
-60
-92
-88
5
-67
-41
74
17
63
-59
65
92
72
-66
21
1
-23
-36
-98
-1
-52
87
21
30
98
-23
-13
63
35
18
61
-72
-42
87
-10
-95
36
53
-54
88
-20
15
7
-81
-41
61
80
16
10
48
24
-57
-87
1
-78
-8
10
47
-83
66
71
-60
-6
74
50
-5
41
-1
52
43
-64
22
38
-3
93
-9
91
-33
15
-43
88
21
-21
53
48
46
55
72
55
-88
51
71
11
26
-9
47
63
-99
96
67
-45
-7
53
-66
-80
68
-72
43
63
-80
92
60
16
-79
58
-36
-62
33
78
33
-84
-25
71
17
-18
-96
69
-38
49
74
-67
83
22
-1
-14
-81
-7
-14
19
87
20
20
86
-89
-34
34
-8
89
-71
4
57
21
62
47
4
-9
23
-82
-9
-80
-75
39
2
49
-37
81
66
87
34
4
-72
51
84
51
-82
-93
96
94
-41
51
-22
75
54
-29
-4
8
6
-83
-27
9
-58
51
-5
71
2
74
-91
-25
-76
-29
-9
-1
68
60
46
-84
-48
-3
-54
34
35
-80
51
26
-53
-46
-95
-30
-67
-95
14
-78
81
-4
-41
-11
74
57
56
-14
-65
22
-60
65
-71
26
55
34
-63
-96
-84
-64
-30
98
-69
-58
25
6
-44
78
-64
75
-36
32
-93
-67
100
-23
-39
-22
64
12
-13
-60
44
82
45
43
-57
-5
62
61
-34
-10
17
-31
-26
89
66
-11
17
88
-19
-81
-29
-98
45
0
46
-56
13
-69
27
16
-35
-33
89
-12
24
-18
-61
86
97
25
-59
44
44
75
-2
-70
94
-26
15
-43
78
63
36
-62
-62
-63
100
96
92
-100
5
80
-70
-21
84
-6
41
65
-77
72
-28
6
24
11
-70
-4
-7
29
-18
-97
-31
-73
-74
-25
-83
0
-58
42
33
84
-33
5
-9
-93
29
-31
44
19
-2
81
95
-53
-7
94
-86
33
-80
91
26
-93
-23
54
-100
-5
27
80
-96
-61
76
-6
99
-97
-17
-73
68
-69
-3
-14
48
27
-11
5
38
-51
23
-74
67
24
61
40
36
-64
0
99
16
76
35
49
-66
46
-59
24
-91
76
50
59
73
-39
24
12
-86
81
-74
-84
5
52
49
-100
82
-96
-39
13
-62
-27
-16
-44
9
23
-29
-35
-89
32
-79
-35
-23
-47
-23
-57
-87
-61
9
36
3
69
65
9
-91
-88
9
-57
43
-89
60
-2
-65
98
-6
-62
-46
95
1
-39
-17
-89
61
36
-9
6
-56
27
38
35
69
17
-92
-86
40
40
59
68
-41
-37
-1
-45
-84
-93
43
-12
-25
5
-4
-22
-6
6
72
-8
-35
29
-58
61
63
-39
65
-41
-95
-57
-79
-86
62
-33
-76
12
14
-33
21
-98
38
19
-21
48
-75
-41
86
-66
-12
-31
4
-45
-28
-73
-36
-80
-35
-49
-47
-95
2
5
19
-6
-24
-79
1
91
50
-95
-87
-2
30
-54
-49
-64
50
89
-51
-67
-71
-9
93
98
91
-87
44
76
91
-43
86
-67
-7
-84
95
68
-71
-65
40
22
-38
-22
-50
-37
-43
57
-68
-85
-74
57
-83
75
68
10
-51
-60
44
7
-21
7
5
43
-88
27
-38
91
-89
-92
-51
-41
-15
69
-21
-51
24
-82
-96
-28
-27
-2
92
68
69
58
26
100
-76
-68
-71
-80
86
-88
33
-98
84
67
-6
55
73
91
58
76
-85
81
0
-37
21
-93
36
-53
-94
-1
-13
44
74
74
-84
31
11
45
73
-91
-73
1
-55
-25
59
90
40
-29
44
79
68
-4
-17
16
59
-21
-79
-14
58
-58
23
-34
-18
-54
71
20
61
36
-2
60
98
-66
-44
92
62
-70
33
-90
8
-14
89
-39
-8
84
36
-57
42
89
-47
-77
-58
-42
-98
-22
-39
92
2
12
34
5
-42
-53
66
-88
-9
64
-75
94
83
87
-2
70
-7
-88
-89
50
72
80
-9
31
-75
55
-20
15
72
-64
-70
-80
-43
31
61
-16
9
21
-40
93
-41
-57
41
45
-58
-90
88
23
-27
17
3
0
85
65
38
-25
-98
96
1
24
-8
69
-15
-36
1
26
-64
-83
47
16
-75
84
-58
-9
-48
-66
-14
-7
-71
86
64
-100
-39
51
91
93
-10
6
36
-21
-44
-58
88
-59
-32
-96
-47
-55
-56
-15
-49
19
81
81
8
7
-16
-20
61
-85
66
-13
87
5
14
-56
-87
-50
6
-74
88
34
-31
-65
54
-63
-75
-9
-68
15
55
-10
-8
-37
-66
37
-57
-10
-37
73
-44
30
75
-44
47
3
83
-20
32
13
59
-66
44
84
47
58
87
81
65
-89
16
4
89
-62
-80
23
-58
14
-6
29
-60
64
65
98
61
69
90
-30
-31
62
92
94
-74
94
47
-50
-76
-69
73
95
52
-70
-32
-47
15
58
70
-48
68
91
72
49
-98
-65
-24
-8
86
-32
-74
25
-23
90
-46
49
38
-63
-99
-16
-7
-16
-62
88
49
-92
-95
-51
-31
95
75
63
30
77
43
63
54
37
23
89
5
-100
73
8
86
96
26
1
99
-54
29
11
36
26
14
95
-30
6
-95
-22
99
-17
-14
-100
25
-53
62
-9
-48
2
90
6
-51
17
59
0
49
-6
-100
-9
-16
-82
-11
9
-10
67
-28
-14
61
1
58
-8
-2
16
-48
-11
-17
-6
37
-72
44
-26
-47
32
-21
23
-62
78
-31
18
-72
-2
-37
76
-19
99
36
12
35
68
17
97
-2
29
-33
-2
84
-38
-87
0
4
-8
44
25
-80
10
-81
-38
21
68
-30
-78
99
-86
25
-93
-55
7
19
88
-1
35
-22
-55
25
-76
53
-56
-64
-45
-28
-63
39
29
-82
83
-64
35
-12
-46
-99
66
90
-39
63
-88
36
49
85
50
-61
12
-79
-42
1
62
-30
-32
84
-9
-66
-43
-15
30
-53
39
89
-12
80
-84
-62
12
38
97
14
-55
80
-75
-83
-75
-91
-43
12
61
44
32
-4
22
-46
57
-12
-31
12
27
-79
-99
30
-76
51
-10
-9
-51
-53
76
-51
-100
70
-49
-26
-72
-43
79
5
-29
-77
34
-83
60
-54
-73
-77
66
58
68
-92
-81
97
43
88
-46
-17
-24
-5
-69
-94
36
-53
-67
7
34
-83
30
-65
-35
-30
84
99
-56
-23
87
-62
-63
1
-59
-60
-53
-1
33
-2
68
51
22
45
47
-74
92
-90
81
-92
26
72
-99
-44
-90
-15
-41
-57
-32
-18
-85
-83
19
59
-80
80
90
20
22
-53
-77
-38
84
49
-40
-14
28
-2
54
76
4
-95
89
-72
-98
40
-28
1
35
-14
-2
71
3
-48
-69
78
87
-50
66
58
-43
-26
-65
-52
96
-70
17
64
68
51
-48
-73
45
32
-66
71
54
-27
100
2
-45
14
-79
83
-59
-64
-14
97
-76
39
4
27
9
-13
-31
58
80
87
82
95
-79
-68
-91
51
-66
6
-51
32
67
44
74
76
-30
-65
57
-21
-13
7
-2
32
-78
14
-97
82
59
64
-70
77
-24
-78
96
38
-86
-87
-9
22
-100
-88
-2
-31
52
6
-68
-81
-8
11
13
-15
49
40
65
68
-62
-58
-50
-60
42
-89
-38
-49
73
41
-37
83
-31
75
34
-44
-80
37
31
36
-89
40
-72
-11
52
-88
69
-31
61
-5
45
59
-1
-95
-70
20
16
25
-25
74
61
81
-97
83
-56
-100
19
-13
23
68
100
65
29
-25
88
-64
95
59
-100
-5
-14
-53
-8
0
-61
-24
-44
65
-3
59
-62
-58
60
-35
13
-2
52
83
-4
-35
-7
15
-97
27
23
-28
43
-66
-92
-86
14
-23
48
-15
-99
18
-64
-84
-23
-66
21
-29
97
-98
77
73
-55
-46
6
49
-12
-97
29
0
-15
25
69
55
-32
95
-22
0
21
-60
2
29
7
38
61
-97
40
-90
-28
27
43
79
21
37
-27
61
28
-40
37
-35
-53
-90
54
35
-12
-49
-12
-58
73
-5
-45
37
24
29
59
17
-46
-54
-82
-57
-82
-46
87
-77
-32
-3
95
35
-43
-21
-70
-15
-4
-30
8
-9
91
86
28
-13
22
-89
-6
-85
-61
47
64
-14
6
-73
8
82
28
-93
-11
-75
-100
52
-32
64
38
-13
55
31
-2
-87
-64
11
-34
-99
-3
-13
-29
97
40
51
-57
-67
51
72
-18
-32
-95
-97
16
-29
70
32
-51
-67
26
-70
0
97
23
-66
-24
-40
40
-77
36
-28
-13
-18
49
-5
83
49
-66
-92
-56
-34
69
-40
-61
-63
-23
-89
39
11
25
33
-49
-50
-37
79
23
-55
41
45
68
27
7
78
-54
-38
-9
1
-74
50
67
44
3
60
86
58
80
-85
-14
28
-39
-67
-98
-53
-8
-99
-9
10
37
9
41
-97
23
-47
-19
-68
-42
-78
48
-84
59
78
70
89
53
-17
-8
73
-20
-60
73
57
97
-21
37
-50
10
-12
-91
-92
-71
93
93
57
53
86
-50
22
-57
59
42
14
2
48
60
8
16
49
92
41
-23
-95
36
54
-51
8
30
-71
-60
72
-23
-14
17
-69
54
32
88
7
89
28
-34
81
48
-21
-85
-63
10
-52
-66
60
58
-80
-43
-56
14
57
65
74
84
-69
22
83
-66
19
-32
-10
88
-26
89
-25
-26
-36
4
-95
-65
-37
53
8
-85
-31
-71
-60
3
-76
-17
-12
85
69
92
30
72
-28
-72
28
-85
90
-35
-5
88
-99
97
-82
-46
-94
32
29
54
-8
41
6
86
-30
1
70
-70
29
27
93
-7
68
55
-38
-46
-76
63
-15
9
-84
-66
41
49
-80
53
-20
82
62
-15
0
-4
-91
83
70
76
73
39
-78
-5
53
-34
-20
-88
-6
22
50
13
-42
-9
-7
3
-15
-63
45
20
100
-64
51
93
-16
-67
34
32
-9
-75
70
84
-26
-6
70
-47
-7
-69
-47
-52
-51
91
-64
-48
-18
-10
65
25
-16
31
-2
-37
-51
-89
-15
29
-55
-57
-39
-43
-46
6
-86
45
6
-16
-98
66
13
69
63
60
68
81
75
-10
19
75
98
-18
-10
61
-57
-58
15
60
12
7
57
-55
-52
98
4
-56
37
-91
58
-68
-21
7
-59
-34
10
-19
-62
-100
-21
-2
-20
-28
-10
53
-97
-38
-15
9
48
-52
68
-8
83
-1
-56
22
69
99
88
70
-22
-68
27
-15
-42
69
-31
-56
79
-5
41
-1
-66
-71
65
-44
-89
-82
31
50
-72
67
-49
-52
-16
48
59
8
40
-55
94
90
-12
11
64
23
-35
-53
-21
-33
-40
-75
-98
-45
-75
16
-61
-42
-3
26
-25
18
-72
21
22
69
-57
92
-12
54
-63
43
-20
-20
-54
-16
78
-62
-96
-17
-78
-35
-13
20
33
72
-99
-73
-36
-93
91
21
27
-1
-12
25
-46
-34
3
-35
13
11
46
24
-6
-73
-27
-52
39
92
-65
-100
94
-53
37
4
-30
84
74
-11
95
-14
10
18
-27
-22
-14
20
-3
78
91
-10
-41
-72
-21
-80
55
88
-78
-95
50
7
88
68
6
-16
-6
-44
95
46
-36
18
16
-71
63
-90
-13
96
-82
20
23
-36
60
95
-84
82
72
84
85
-80
-63
-94
12
31
99
87
-2
-63
10
95
-15
-99
-2
-16
-22
32
63
-95
97
-56
32
-60
13
-97
-45
36
-96
-3
59
98
-43
87
-42
-5
66
-52
89
84
-69
47
-25
39
-87
83
-46
-2
35
-30
80
32
97
-12
15
88
-70
27
-36
16
89
43
19
-43
-52
89
-36
84
-65
38
-70
-54
-95
-72
11
4
-46
94
-13
-52
54
37
-48
-97
76
-47
-18
-100
48
-83
-90
-40
44
88
-79
-86
79
-81
7
-67
57
32
65
66
27
73
57
74
-8
-12
-70
-68
38
11
-69
-80
-17
-70
78
-19
17
-40
-94
35
-87
90
-81
57
22
60
-31
29
-74
-1
-23
-44
-69
-22
82
12
61
76
-23
94
-52
66
-68
-38
77
2
-76
52
3
-88
23
-28
77
-51
75
27
-67
84
64
69
36
-87
7
88
78
14
52
-37
-61
58
7
44
-13
-26
-39
-91
-60
-84
17
68
-65
-84
51
-32
-7
69
-92
62
-79
62
98
2
-48
-34
42
-23
-32
-79
-68
68
8
89
-72
-77
-96
33
9
-20
-81
44
68
69
-73
9
68
38
-87
-61
36
85
-33
98
77
-60
-75
-69
-46
-39
76
-53
80
16
-54
30
-23
-89
5
-9
69
-94
15
33
-93
37
-92
67
90
70
-45
82
19
38
-83
69
-43
-54
-67
-14
41
74
-70
-78
26
66
64
71
58
-100
-26
17
72
10
-79
65
-20
-22
62
65
-22
46
82
-24
89
38
89
27
-19
-83
99
14
-70
54
71
59
23
-41
23
-16
-37
-60
-80
-11
-59
-67
-19
-96
-41
2
70
94
38
41
42
-22
50
96
11
-53
36
-39
-36
30
-77
-1
-17
29
-22
92
47
-49
82
-13
-51
95
50
48
-57
95
100
-92
-25
60
-45
89
-62
-75
-60
-92
-7
72
88
-33
86
-58
-23
-28
-20
34
66
-13
-100
-33
-63
-97
-52
-13
97
-65
38
-81
-98
43
41
43
76
-70
-90
0
-41
-24
52
75
36
-47
70
16
-1
79
-6
-94
-1
-9
-80
88
48
-63
51
93
100
19
28
29
-19
-4
-31
45
-87
-38
-52
-43
-38
-93
19
33
91
68
-23
20
96
85
-60
28
-98
92
93
55
-39
-64
-61
71
-57
-8
24
-89
-88
-46
73
-52
-99
15
-6
51
79
32
-46
-93
35
84
-45
-56
65
24
-35
3
-96
-43
40
-84
7
-70
-13
41
-51
5
-20
41
-68
18
-75
-35
36
1
36
24
67
68
25
-33
8
-24
81
26
90
79
-1
-17
-6
40
-63
-59
-90
-94
50
57
-23
33
-3
95
-7
-14
-49
-58
95
-99
-31
87
-94
-53
40
95
40
50
-98
74
86
-83
-85
-56
85
-44
48
-30
12
-79
19
13
34
-100
-50
64
25
-18
-92
-23
98
46
6
-85
-13
27
98
-80
-37
19
91
95
-47
-4
41
-87
-95
78
-27
-9
-82
33
-98
-88
-75
52
42
92
-51
-12
-18
48
90
-39
-100
-40
16
42
22
-96
4
80
-99
-62
-75
-19
-55
-84
64
97
75
-23
26
40
-17
95
-3
-79
46
-52
32
-50
87
-34
12
22
76
17
74
-15
-36
-72
52
-79
-69
9
-89
-55
-90
-69
-85
89
-62
-96
-37
-70
-27
23
-95
61
-84
29
82
-77
-13
-59
24
-39
0
-57
-75
31
-13
-2
9
-100
28
53
1
-10
19
39
-61
71
-6
-26
40
12
62
-92
67
-65
-12
-64
76
53
2
-92
-24
-95
-39
13
-50
52
30
97
-5
56
84
89
-5
42
62
4
-25
57
82
-68
0
-24
16
-58
-62
-82
45
73
11
56
-55
69
-18
37
40
2
-62
-14
68
55
42
-3
75
-47
13
66
26
-42
-80
-60
23
-9
-27
73
57
-16
50
-16
99
5
-98
3
46
-63
57
15
-47
60
-15
22
20
85
97
63
77
-60
-25
-78
33
-9
-9
-40
36
-39
50
12
95
46
1
76
-45
55
75
-81
-69
19
-89
37
-41
4
-74
-60
-22
-66
-44
97
61
-49
-41
37
-49
-3
79
43
-4
-68
-46
-29
3
95
16
-97
24
-14
2
91
27
49
60
94
-31
-14
14
74
-30
-29
41
8
26
64
-85
1
100
90
77
73
77
-88
51
47
-5
-62
15
95
54
1
-14
-6
-68
-42
-15
3
18
-74
34
-90
57
86
30
75
70
7
-4
38
-56
-62
-39
38
91
90
96
-76
76
53
-39
-84
84
6
-19
34
-47
100
-80
97
-27
-69
-16
-85
86
94
-45
19
-72
-81
16
-100
-47
47
-7
-48
21
63
-44
-82
27
27
67
78
70
-7
94
4
4
54
92
-61
-33
61
-100
36
-86
66
-84
-52
-27
14
-57
-14
-49
45
16
42
70
-63
17
97
58
-26
-70
-65
38
-33
13
-33
55
39
-79
-18
-75
-7
-59
71
-85
-53
73
63
-91
90
-58
-76
73
-53
94
-2
-82
-10
42
-25
-13
61
60
65
-65
39
-73
-40
92
-40
-35
-52
-62
57
44
11
-75
80
78
60
64
71
-46
76
-4
12
77
63
18
-1
-4
55
-73
87
-59
-41
-57
-54
62
-33
76
95
-6
-19
25
-24
-36
-5
-6
3
88
-30
-52
95
97
57
-45
36
37
80
-17
-67
88
42
29
49
11
31
23
-77
-100
-33
-24
75
-32
10
14
6
-4
38
-15
58
29
-33
72
55
100
10
-82
73
-56
28
21
-71
-4
36
-53
-81
18
-1
-11
-44
-14
-15
-27
11
-86
-63
39
1
-91
-58
-23
-36
-95
-38
-93
-41
-30
-23
45
88
-58
35
-35
36
-24
-76
-29
-87
-70
83
-43
-9
-49
26
22
-39
32
14
48
53
100
-56
-45
91
0
11
-28
78
44
44
43
3
45
-22
30
4
99
-97
48
68
-68
-8
-53
-44
72
59
90
28
0
-82
-37
-63
-3
-37
24
23
39
-70
-3
36
-57
14
91
-3
-81
40
-1
87
-50
48
-7
85
-78
-67
-16
9
-52
-49
97
-28
-11
66
-36
-99
3
65
-85
-46
83
100
3
-22
-7
-44
60
-10
56
87
-48
-47
5
-65
-64
-74
-57
57
46
95
22
94
-39
57
68
-82
77
9
-6
-26
-97
85
77
1
54
-61
6
-39
-12
-6
24
-83
-9
59
-95
43
-73
90
17
80
-39
4
-41
75
-34
36
69
39
-26
74
-57
-41
-46
-1
-34
6
-26
50
92
51
40
5
-49
12
-60
-63
34
94
-67
32
49
-95
46
-95
47
-98
65
48
-45
-13
86
45
-34
43
-83
56
-55
-79
13
8
-50
-31
26
-45
-13
23
14
-30
65
-29
26
-99
-43
24
-1
-22
50
37
-66
-14
9
-11
32
-60
58
76
-16
60
64
-98
19
-12
11
51
-95
-19
0
-3
43
22
-83
25
53
58
-100
-38
-34
-38
-57
3
-41
88
-53
64
31
11
32
-51
78
31
-47
-14
40
66
-36
49
-25
93
31
-39
87
53
17
-4
17
-71
-31
48
54
-5
52
-68
-98
-59
76
-30
-83
-34
-1
-89
63
20
-73
27
4
-59
38
25
16
96
28
100
79
-86
30
44
-84
18
25
-14
19
-84
-84
-59
28
-15
12
37
73
93
-30
-33
-21
71
-79
7
-70
-66
-85
-2
22
43
-41
9
-70
48
-72
-84
77
67
36
-14
-14
34
78
-23
70
-33
-68
61
-63
32
-5
-37
-31
96
-87
64
59
12
29
-61
30
73
10
9
56
41
-36
-95
-11
87
64
-54
93
93
70
-3
29
36
90
12
27
90
-67
81
-11
-48
48
-75
7
82
60
14
-86
10
54
-53
-55
80
-8
-49
50
54
96
45
-58
-61
16
-63
-89
-1
-93
-40
-52
86
-16
-90
83
11
-36
-61
46
-99
-65
40
-97
20
-80
-60
60
98
76
13
-87
-77
67
-4
16
-45
-14
-97
0
-31
46
-13
-4
-21
-94
-24
-91
72
5
-46
25
18
79
-75
37
-82
-80
43
51
21
-58
-79
-47
-88
27
-56
-57
43
45
-80
-26
84
-28
-41
59
-70
-14
87
45
22
-57
-64
-97
-35
7
-32
-28
-7
-38
-1
-56
-77
-46
-97
-49
-86
-22
60
-98
-37
-74
11
52
56
48
-95
96
70
-19
-68
-81
-43
23
-68
47
-99
16
34
-50
55
-4
-25
74
-21
-38
9
-3
50
-53
53
-22
45
-77
58
74
-72
-10
71
95
-3
84
45
-41
-10
-92
94
-2
-77
86
-77
-63
-60
96
66
-85
-30
-33
-86
50
8
-59
-81
-43
-1
-9
-26
-85
59
-1
-36
91
99
32
69
26
-84
-4
-17
67
10
-86
-44
39
95
68
-25
-76
84
-85
-14
64
58
-50
-8
-92
-5
-73
3
7
-25
-79
-25
-82
-3
78
25
89
-62
-38
-61
55
87
-43
64
43
-38
-66
-63
46
-86
91
-96
100
-95
73
11
-31
-28
78
-86
70
15
73
-42
78
23
-37
-70
-55
-61
80
-54
-82
97
-50
49
8
-29
-14
-77
48
-46
5
-63
-8
-52
-2
-24
10
86
-10
-10
-76
-58
67
29
73
-83
87
85
-59
-26
-87
96
-70
7
52
5
21
-41
-36
95
10
38
15
-10
-44
-78
72
-90
-48
76
53
-60
-64
28
22
81
-58
-53
-1
22
-26
-9
47
47
-69
-90
13
35
67
36
83
-22
27
-75
-5
-11
-89
-89
-43
-72
37
15
35
-30
87
82
-35
-52
-97
-71
-13
-29
-39
-82
18
-85
-46
-90
70
-19
-22
23
-45
-48
-3
-72
-63
51
28
60
47
-15
7
-16
27
-90
59
-16
49
-13
53
19
-4
39
-90
39
16
-42
64
17
38
68
19
-57
65
-79
-97
82
-50
-6
50
-40
-18
59
41
12
-53
48
-99
5
-87
-6
-51
48
19
-56
-23
-67
11
7
-89
-83
-30
-25
47
-45
63
28
95
79
80
97
100
83
-91
17
-16
-29
74
81
-62
95
25
-63
-78
93
52
89
36
61
-7
74
-31
-98
-15
-29
29
-90
-56
-53
-96
-9
79
29
61
99
61
-43
-20
-29
5
18
45
-20
-57
-82
75
-35
12
-23
93
65
-19
-100
-92
-1
-12
65
-3
81
94
38
-26
-74
16
-33
25
-75
31
75
-31
24
72
63
39
-61
66
89
-93
-8
12
-43
97
-51
63
-59
88
59
-34
49
61
48
92
-75
-27
-38
9
-74
67
-70
12
-73
-33
-25
-43
100
-44
21
39
-62
74
36
79
-74
85
-8
-45
85
-33
-61
94
-95
68
-56
93
83
-51
2
-1
-52
9
79
2
14
49
-92
90
-69
2
-97
-6
97
84
55
18
-5
18
9
94
-3
32
-11
12
-3
72
-17
67
67
75
-53
-85
75
83
-63
-19
30
47
-37
-59
-100
9
-95
23
41
-99
-89
-52
19
84
100
-99
7
-4
-60
-54
34
-95
44
-35
-45
4
47
98
10
44
77
-84
-29
11
-30
-76
-23
96
-97
-90
-83
-4
-24
61
-53
12
-29
58
10
-67
86
-43
42
73
22
-44
-92
69
-35
71
-94
-90
-44
-21
44
91
38
32
50
0
95
70
25
-52
-88
-30
-11
34
-9
15
-17
-83
-17
-41
-78
33
95
59
-39
-33
75
52
-93
-93
82
79
94
-67
-78
34
-70
-29
-64
-73
9
-99
-61
-56
-15
30
-96
-47
4
10
90
12
-18
-8
18
12
46
-51
90
49
-92
18
-80
-48
-51
36
-49
78
-67
74
9
21
91
46
29
-6
-53
12
61
-16
-70
-8
88
67
59
-71
63
9
-3
-15
52
81
55
92
-96
83
19
-68
1
33
-45
73
-18
15
-75
-16
-64
-93
34
31
3
69
-26
-61
32
-88
-100
28
60
45
28
-17
-44
-16
91
4
-89
-14
-2
77
-100
25
-58
54
-80
-11
-52
15
-36
-22
-92
76
22
9
-72
-29
-69
-7
-53
-53
70
-82
55
86
-53
-68
-21
-54
92
-96
91
54
-35
-42
-52
-68
25
-47
32
-50
4
-35
41
42
98
-63
-44
-84
65
-65
-97
91
61
-45
-75
12
63
-95
6
2
36
-63
5
51
77
-4
75
16
-79
-82
-7
-87
94
-63
56
-60
-60
-20
90
-16
56
-36
-24
24
-90
-70
71
-22
4
-56
24
99
4
51
-24
82
96
-94
-99
-65
53
93
14
32
-28
69
31
76
-5
12
-3
-55
88
-46
-55
34
29
-79
85
20
69
-45
-26
75
48
-15
45
-97
35
29
-52
-86
-61
43
44
-57
50
75
26
28
-100
12
-16
-98
-21
77
70
12
-9
62
-26
72
28
-90
-25
-43
4
-62
-93
35
19
4
-62
-67
-89
-68
23
5
15
-24
-68
-9
98
30
-6
-36
20
-50
50
76
24
-50
-66
-72
84
43
41
-75
-61
-94
-62
-65
-19
-30
-50
-33
-37
-86
67
0
-2
31
20
-97
-57
-25
-11
87
-89
19
24
-58
-64
-94
-62
-20
-74
-12
-79
65
26
-59
-35
89
59
26
-93
92
63
3
-56
74
-81
26
8
88
-81
11
-50
0
22
-38
38
39
-84
51
61
42
-18
48
57
-80
21
-62
17
-92
66
85
87
91
86
-20
75
-63
13
-30
22
-7
67
-69
18
14
-19
30
-21
-60
-87
54
39
-48
1
37
-59
-55
57
-98
-15
42
-95
-36
-93
76
-78
45
6
-74
-74
-13
-18
-29
63
-93
80
26
-9
47
37
61
-41
14
-32
81
78
22
4
60
-19
-43
81
-58
37
35
75
69
77
-89
74
-36
-52
-65
50
13
-61
1
-41
-67
-47
88
33
-24
64
-55
90
74
-55
57
45
-6
12
79
-12
54
-22
10
-85
-87
79
-56
-100
30
-28
-21
-66
-21
-24
-38
-86
-89
98
39
61
-73
-47
96
11
-50
-71
70
14
22
-53
-90
66
-73
-68
-1
-4
-28
-78
-79
22
-88
90
48
89
39
-27
-58
-14
-17
-60
68
8
27
-76
82
32
15
-93
-47
42
71
5
71
-44
-14
99
-95
98
93
48
80
89
-54
77
34
-64
-13
56
-60
77
27
17
-62
-74
-28
-52
5
94
97
85
41
-94
80
-20
-88
0
-72
83
-59
-7
1
-35
-63
-88
50
12
-10
10
-80
99
-61
-83
-65
-44
-67
97
-73
80
-90
22
89
-84
78
-88
-90
-4
-66
19
49
-29
43
-14
16
-21
-37
-47
84
7
-63
13
-60
48
-8
-22
-1
21
-30
-46
5
-14
-58
-97
62
71
49
-19
91
56
40
-46
84
62
30
-2
76
8
8
-20
-24
-42
-5
8
17
-92
94
0
-89
57
25
32
20
-100
-72
-5
33
35
19
-17
-25
26
98
59
-61
5
88
63
34
-67
-84
-32
-26
86
94
58
-54
69
-37
-99
72
-26
29
-32
32
47
-88
40
79
-20
93
0
52
-59
71
92
-54
81
-72
1
-72
-69
41
-53
16
-55
67
35
-61
-83
-86
86
61
17
-82
37
-60
-68
37
-63
-62
-60
52
-55
-5
-75
-66
-82
57
-76
29
91
92
50
-61
41
19
61
-93
56
64
59
-99
-30
-85
-25
-45
-74
-97
-30
-83
84
-20
-99
86
-97
-1
34
60
86
66
-54
-62
16
-50
-19
11
-93
-69
-68
-54
-8
-72
25
-94
55
67
62
-5
-100
-55
-37
-17
19
-100
39
-37
-92
97
8
88
-97
10
-41
-45
-80
-18
0
81
8
-12
27
7
-21
-1
-80
72
27
-35
-4
76
69
-13
87
-19
21
-8
71
54
-20
-85
-84
-67
52
73
-87
18
-38
61
74
32
-67
66
41
99
87
57
-40
17
31
53
65
-70
-45
53
48
56
32
20
-19
-57
19
-26
-9
51
-30
-29
26
-39
-100
-58
47
99
73
58
29
-75
83
-14
25
65
0
39
-99
98
76
-40
-72
15
88
-13
-70
96
-40
-68
-24
40
-74
-42
6
18
-15
-57
36
-78
31
-20
55
-28
84
56
-19
50
-42
-28
73
19
65
73
92
-30
74
0
50
89
-86
-86
-66
26
15
70
-51
-38
-58
57
44
-76
56
9
29
5
-30
53
56
-29
-48
-44
27
58
67
-4
67
88
2
43
36
-42
-36
-65
4
41
15
-87
18
54
-95
-6
-73
-45
71
10
-44
-72
-17
50
48
74
-50
18
-18
40
64
75
9
29
40
-79
33
76
-72
76
-16
50
5
76
17
35
78
-70
-55
67
-99
63
-68
-49
70
-1
12
32
-64
26
30
-42
-20
78
88
-91
58
-26
-13
-41
-68
-34
-88
-49
68
-64
-12
-43
-71
11
-59
63
68
70
3
16
89
66
58
-40
2
58
94
21
35
12
90
37
-77
-8
1
-58
75
99
1
29
48
-66
-66
-63
-93
-57
-19
19
-49
-30
-59
11
-45
60
17
12
58
-8
13
-31
-42
-27
98
76
-2
-7
96
68
-89
-21
89
59
24
21
-85
97
-12
-5
-52
8
-89
-72
-16
81
-41
-33
5
43
-70
23
-43
-15
-87
97
12
59
99
-68
78
13
61
-50
-79
-41
51
-42
-29
14
56
25
-57
56
51
91
12
77
13
57
16
-67
92
97
57
-43
-50
-37
-66
-77
-45
-63
-61
63
54
5
-52
68
-39
9
-35
-40
-45
20
10
-57
15
-28
-33
88
-99
33
-53
51
-53
-95
4
-19
72
-30
18
-97
64
-2
-57
-36
-94
23
-55
93
61
80
-55
-1
-44
-45
71
-25
-21
-52
64
-57
-1
-23
-89
51
-90
23
16
97
98
-15
-5
96
7
-71
-41
30
37
-66
-100
81
-84
-2
47
89
99
41
-43
73
73
67
-92
-73
74
93
-91
42
75
-12
57
58
-34
-34
-75
70
90
80
-14
-62
-5
60
5
47
-92
35
-23
5
76
98
-82
39
-69
-3
50
33
-16
82
48
-5
8
-17
-51
11
-42
50
10
95
-39
2
13
-91
37
45
12
90
82
39
-39
-76
-50
-80
90
-63
-89
-71
-91
11
31
38
-28
-2
-65
-98
-28
-28
-3
55
36
54
-95
34
18
-15
-60
69
-66
-1
-24
-82
34
-37
36
37
43
56
-100
-76
-28
23
-9
-99
86
89
-70
52
44
-77
-48
34
-15
48
71
-12
-77
-53
-13
-9
16
76
1
21
-64
6
-17
7
-93
45
-14
76
-45
-27
-99
72
45
36
49
-12
-28
-34
76
15
-5
61
10
-94
-89
-78
76
-90
85
57
3
22
-86
22
-6
-14
72
100
-49
-16
98
37
-14
-98
67
68
-16
89
46
-67
-49
24
13
-34
-49
58
-50
-92
22
-70
38
-54
-20
64
-31
27
-84
-90
-94
26
-3
13
63
34
-60
-24
94
80
31
93
-55
-65
94
-8
79
-31
62
-43
87
33
27
-60
-50
-56
55
25
-5
70
66
16
-14
10
86
23
-56
-34
8
-8
-34
-36
83
-96
-33
-63
-49
-9
84
-92
69
28
1
-89
-65
18
-67
4
-6
-67
6
46
51
0
15
-71
-47
53
-40
36
33
71
-9
76
7
46
7
-18
-47
-33
-94
-34
-4
-6
91
45
17
-32
61
4
-88
-2
99
10
-90
32
38
85
-29
84
-23
32
3
-32
-73
-60
-10
31
96
82
-69
4
-13
-33
15
-63
-53
82
-71
-78
-21
100
32
-22
-19
40
92
-22
44
69
20
2
-71
-79
16
85
-48
39
98
99
78
-88
-15
-46
2
-17
64
-31
-6
51
20
-92
-30
-22
45
79
-68
-47
34
-22
-84
-29
65
51
-86
59
69
-71
-47
15
21
-100
-3
-47
32
-57
-93
-28
16
-90
-10
13
41
-34
-14
28
-54
-15
-1
-95
-70
90
-34
-31
84
55
27
71
46
44
-10
80
4
2
1
-100
-82
-93
-7
-80
-62
81
-79
-5
34
39
-56
69
68
-72
30
-58
-79
-57
43
50
74
45
-9
-89
34
-47
3
100
-31
82
60
36
30
-96
23
-32
-52
23
-44
64
-2
-77
-49
-38
83
-36
-51
7
-58
93
-29
-5
-50
-3
49
55
38
53
86
45
-3
80
32
-70
-14
-29
-46
-89
75
98
23
28
53
-81
16
63
-43
42
-73
45
-85
38
94
38
-20
-97
69
-10
-26
74
83
5
93
-34
-29
-18
36
-50
32
9
-64
57
59
-99
20
94
62
58
75
46
-6
59
-2
-62
72
90
17
38
-24
-59
33
-16
-83
-93
-34
83
88
84
-60
-57
-81
-46
49
93
51
-18
-24
-51
88
77
61
55
-55
26
-26
90
43
-40
-11
-96
-99
-81
84
-5
-50
11
57
-64
-30
-47
98
-83
33
-6
85
2
25
-16
56
-23
-46
66
-18
-20
-78
88
-89
-36
70
14
5
10
-43
31
-27
81
62
82
8
47
16
-80
-73
-79
-45
59
82
-84
-35
-32
-82
45
8
65
92
0
-32
36
-11
79
10
65
23
-21
-62
45
-20
3
-9
-17
-83
31
26
-97
59
-50
96
66
3
-44
1
29
-76
-23
-42
77
-71
52
0
-16
56
-49
-54
-91
30
49
-34
32
88
-29
71
-21
91
-40
74
-90
45
39
-69
90
16
8
14
-23
-42
-84
-87
-18
-97
15
57
-89
43
82
-100
36
22
90
-45
-39
-67
-8
-19
-3
-86
-82
17
45
-26
74
-77
4
-18
58
-85
87
-93
67
42
-67
-18
-37
-66
-62
57
-42
39
74
-13
30
78
-22
48
57
79
68
-40
-74
16
66
-33
94
15
79
-50
67
82
69
2
-81
-37
-3
41
-89
59
45
-56
6
24
-79
-95
0
30
-22
2
-34
-13
51
-26
23
-56
-58
51
-36
-65
-82
-96
-44
-17
0
96
-42
29
95
-19
68
-56
-86
-42
81
-16
36
-84
-55
78
17
68
-34
92
-98
3
2
21
-17
81
-57
58
97
-8
91
-93
-5
-10
21
-78
35
-65
-69
-65
-39
15
-94
60
45
60
-50
-94
95
-28
-77
-88
62
-30
-53
-97
-57
-66
63
5
-39
-2
83
-86
-43
22
-78
52
-20
-65
-96
-11
73
90
-31
-41
-29
40
-1
-25
90
-67
71
-33
49
39
54
-6
-96
-77
-69
49
69
67
25
-62
43
-92
3
36
-43
-35
-2
-8
8
64
11
68
55
30
-69
51
-9
-28
-16
70
-54
-49
76
64
-20
38
-69
63
92
24
14
30
-50
-78
-42
73
-36
-68
-97
50
35
23
-78
-16
60
-98
83
-41
-26
-61
59
98
18
-30
36
-92
-59
-72
-61
-10
95
46
-88
49
-57
68
-60
-63
-81
-39
-11
-98
-77
81
79
6
-99
-83
21
-4
-25
-68
-8
-100
-50
-41
-11
-89
-61
-67
2
64
6
-23
28
36
-4
7
-82
-66
11
-66
74
90
85
-68
-13
100
43
27
94
-81
52
-65
-79
54
26
-83
73
-75
10
-27
47
52
78
95
66
-70
-65
7
-58
-94
81
53
-43
-34
-23
48
25
11
-75
-96
82
18
60
-66
-94
7
-59
-83
-82
-54
13
65
55
65
-82
85
88
56
-44
-8
44
27
-44
-18
-28
53
-24
55
-67
-35
-65
-82
9
72
-68
58
-57
37
0
-36
56
-39
81
95
-56
72
-46
-43
98
64
-76
-36
93
92
-16
-89
-91
-35
-61
-19
22
-38
73
88
50
-4
-57
31
-9
-53
-78
100
11
-14
75
-69
2
-75
-20
-61
-23
50
6
11
-7
99
39
27
94
-22
-45
-24
69
-95
67
-19
-34
73
-17
4
-40
51
-25
-59
-55
-22
-13
-34
63
2
4
70
60
-17
-19
-25
99
64
85
73
61
87
-100
-47
33
-84
-1
22
-92
-66
-13
-46
28
-82
59
61
17
96
69
57
-92
44
-60
-6
5
2
-61
65
-76
79
26
-58
-98
-73
-11
86
-34
-13
65
-29
-34
57
-73
35
-64
-57
-21
38
52
-91
26
91
-4
-77
38
34
-22
92
-9
89
-35
-54
-44
-36
16
-67
-98
0
27
55
49
-95
3
35
-7
0
48
-79
43
19
-86
42
70
-98
2
-7
96
-36
37
62
-49
-16
70
-36
92
56
-85
71
58
19
99
36
-67
59
-68
54
-57
27
-100
87
54
15
-60
28
59
27
41
13
34
2
98
-91
65
93
97
6
10
-70
18
-41
-54
86
67
-59
76
-99
-82
43
29
-56
-7
-40
16
31
51
-73
92
4
76
55
-29
-77
48
37
88
14
15
-97
11
-18
9
27
36
-2
61
55
68
58
46
-35
89
-1
64
-16
-66
-41
-45
94
15
-11
-41
58
57
-92
3
96
-62
-84
81
95
-94
-35
48
8
40
32
82
52
25
32
38
-31
39
-68
-97
-91
86
-80
-55
50
-64
-95
19
76
66
-82
-48
71
-5
-60
-28
38
-52
31
97
-55
84
-80
32
-12
-78
72
82
-1
-100
96
-53
-16
-36
-42
5
73
66
51
-22
-69
13
-36
61
15
11
-29
74
-99
60
-80
6
8
-71
-64
-91
2
-60
38
-75
74
4
-90
82
94
3
25
12
49
38
14
-7
86
89
-92
-83
58
83
-19
-37
-64
100
75
83
30
61
-9
-66
30
-7
-97
18
-94
4
14
-7
-53
-99
-7
68
72
31
-51
-61
3
-81
-18
-31
-64
-56
75
-12
-90
-79
-16
98
-2
14
52
5
4
89
-31
-90
42
-70
56
48
40
-75
76
66
-17
42
-77
-51
88
70
71
2
4
40
-22
78
-14
46
87
-2
-60
97
45
14
-23
-28
-74
48
-30
-32
-43
4
-36
75
-78
-46
48
-46
91
33
-92
-27
-83
69
37
-47
23
31
-27
-83
-44
94
13
81
25
-36
92
51
-5
-91
52
-60
28
23
-94
-27
67
58
46
6
-63
-21
-61
53