63
7
29
-15
-37
-56
-40
-7
92
-12
5
24
-63
-24
-78
-52
-71
-72
15
-99
-27
-94
-67
-20
-13
-91
29
99
19
62
-2
-87
35
-81
67
-19
61
-98
-90
-89
16
34
82
41
46
-67
-99
43
-75
-76
96
62
-62
49
-27
90
28
-2
-1
15
-1
-27
16
-45
-35
-6
41
-17
-8
27
-33
-16
19
65
-88
-58
23
-67
-74
-26
19
-77
-83
30
58
100
-88
33
89
15
-38
3
38
-46
28
-97
-17
4
61
59
98
52
59
-99
89
87
99
8
-26
95
18
-86
75
-66
-91
-45
38
4
16
60
-58
83
-73
-58
-1
-58
10
-90
27
-83
-24
74
-62
-46
35
-27
-57
-25
-53
-89
-69
51
98
9
5
-82
-15
73
-40
19
-88
-7
-6
-28
-65
-15
-57
-98
9
66
-100
-41
31
84
8
49
51
-53
-37
21
81
26
-79
-58
83
-61
-13
88
-18
22
7
-82
-25
16
-78
-29
-45
-62
72
-77
-63
-99
17
-50
-73
-16
-58
-89
85
91
7
-40
-59
27
68
3
-20
-37
75
14
-82
24
-75
-42
-54
34
-66
97
7
-54
-71
-36
-71
-38
64
-38
-96
89
89
-23
-53
-53
57
-34
-13
21
75
-33
-63
-76
-1
16
74
11
-30
76
46
60
14
-45
-23
-82
69
-56
47
66
-73
70
-85
-9
-18
79
49
49
64
9
-75
-10
68
-2
-86
97
-28
30
-36
43
98
87
-88
3
41
-10
85
-75
-100
-61
17
-25
87
77
-55
-75
1
-62
65
-41
-52
52
-17
-69
-29
30
-64
65
42
71
82
-20
37
92
-76
25
40
-77
-77
-18
41
37
77
15
2
-51
-64
-34
85
48
67
26
36
-63
33
51
-51
87
-93
-16
10
90
-62
-70
-88
24
-92
-8
-91
-62
-19
-42
26
-29
59
-31
-60
-4
56
58
-32
56
26
41
-66
-58
-95
72
92
-75
22
10
-16
-3
-1
-40
19
15
-77
-79
-99
-11
97
-33
-95
18
-24
96
60
81
95
76
32
61
51
73
41
16
-27
-26
88
-30
83
-67
83
23
18
8
-16
12
-3
-82
-62
-99
-74
17
45
55
26
-70
8
32
-2
-8
87
-35
-69
-45
92
40
-21
-26
-7
-40
90
-88
50
99
-93
-64
45
-5
0
-100
-54
-97
66
98
-79
-95
-58
73
-76
4
-38
-70
87
64
-36
66
80
-26
63
-40
85
-68
48
59
-62
54
-71
-100
-68
42
32
-39
85
-84
75
-10
-28
41
-44
-53
-10
-33
-59
94
-91
22
45
88
79
-73
38
-47
-45
-77
-8
-89
-86
22
8
-49
76
72
82
40
-68
56
73
-34
-58
-59
75
-65
34
21
62
-82
77
-83
58
-38
-49
-73
-29
-30
23
11
-51
-47
-70
29
-26
0
90
80
42
81
90
63
5
87
10
-87
12
-72
64
19
43
55
56
66
61
20
-61
51
-73
-54
75
62
-14
17
12
-35
-43
-8
-29
-85
79
-50
33
-43
-3
-49
-69
-4
97
57
-50
28
-46
-86
-80
39
89
93
-86
3
-22
-7
46
24
-43
-8
-77
-11
-58
-94
76
85
-27
-14
79
-11
86
52
97
80
-89
-67
64
-29
-55
-46
44
-70
4
4
-3
-88
23
-63
-99
57
-74
11
30
-12
-64
97
-55
-9
76
20
19
-63
-25
70
76
-62
-46
-28
42
76
75
31
-41
-34
1
-41
65
0
-9
20
32
82
20
43
39
-100
57
-86
-84
87
75
42
-53
-41
-46
-1
-6
-50
25
-47
-99
24
-98
48
-62
44
72
88
66
42
57
-73
49
95
42
70
48
47
59
61
-83
34
97
-100
-38
24
86
10
42
-29
21
-12
-67
-39
34
-45
17
-87
32
-15
-70
-13
100
-36
-74
34
52
40
-53
80
29
-43
60
20
83
26
-44
42
-75
-91
86
70
58
24
77
-85
-2
77
21
-70
99
88
-82
53
-48
6
13
-44
-55
-66
18
-73
-85
20
74
-75
-6
2
-77
5
-35
-38
5
-15
-60
-25
40
97
63
64
-25
-73
-29
-62
81
-36
81
-87
25
59
-47
-75
-14
61
63
1
-11
99
22
-47
-26
-79
-67
-9
-29
-50
26
42
5
-100
79
-90
52
-96
-22
44
-68
-6
-66
50
-41
50
77
-57
-96
-51
-73
20
-24
65
-74
-20
-81
10
38
-29
-41
-42
44
-58
2
86
11
88
-6
-9
-100
46
-93
-15
-17
-38
21
48
51
82
-70
16
-81
100
71
-72
28
-11
-68
64
-73
-30
65
7
39
51
88
91
59
96
18
89
-14
5
67
42
2
43
53
-90
-2
-46
98
-80
-57
-69
23
-81
93
46
-2
-85
-8
59
56
-32
63
-93
63
17
72
43
-93
-87
-84
80
9
-89
37
90
68
80
37
96
-44
47
54
50
48
58
44
81
29
-13
46
-4
-67
-88
50
-13
-85
52
17
-9
-98
-81
-55
-90
88
-15
-30
91
7
79
10
92
-40
48
-54
-5
64
26
-82
54
-41
27
7
-67
-64
25
-53
-75
99
-90
-50
-82
-8
-85
45
71
27
-73
-5
86
47
-25
97
21
-95
31
3
-3
-88
-81
89
-38
-97
-74
-78
-26
-83
27
50
-97
32
-80
-51
-26
-83
-10
-59
97
-28
-27
70
-77
65
-23
6
-2
86
-48
66
-76
52
-74
-25
77
-54
-10
-64
68
-33
-51
1
87
89
68
-28
55
-56
-76
-40
-16
-49
15
96
77
0
-83
-43
-27
-14
73
-19
33
-52
-97
-5
7
0
17
14
-92
-2
-22
-56
85
-48
5
87
2
58
-67
-60
56
61
-54
13
-41
-92
-70
-72
1
92
92
-54
42
94
6
-79
-50
-21
59
76
17
4
-7
87
-50
-50
-14
93
-8
-80
95
78
65
-19
79
42
21
24
50
62
-62
0
2
-49
94
-18
-38
-99
-96
-48
92
39
41
62
10
56
-36
-92
33
-75
68
59
-89
-46
-38
-20
-22
9
4
-2
-8
92
-95
-17
-59
96
39
-73
68
34
-17
37
-86
3
76
97
86
52
17
79
-70
-19
-19
-63
54
49
73
4
83
-44
50
55
-84
-3
-41
-10
-1
-29
18
91
84
-99
70
-24
-54
87
39
35
23
-12
8
-58
-53
-6
-9
-6
-93
-11
-90
-62
-2
38
38
73
-93
8
-60
13
15
97
80
-94
5
-39
-27
24
-45
69
30
37
70
-66
-15
-68
100
-28
97
-14
-82
-52
-24
-26
-47
68
4
2
46
-19
46
-20
-100
-100
-29
13
13
-73
54
13
-58
64
36
46
90
74
-11
-83
-35
-99
84
32
-85
-42
-71
-44
42
-59
24
-38
42
15
-30
65
81
-80
62
60
-43
-22
35
-81
-6
-87
44
82
42
53
18
-53
56
-52
94
85
-86
-90
23
3
45
-56
54
100
-84
3
10
-96
-85
98
-30
70
-72
-63
62
-43
-15
20
79
26
38
69
-95
42
-30
45
34
-4
42
7
8
-79
-66
46
3
0
-66
46
31
-54
-40
0
-45
-37
-50
6
-81
92
1
83
-66
50
-16
79
17
-55
-80
74
-24
88
17
23
42
-77
1
-58
55
98
74
-85
22
94
32
83
22
88
68
-86
9
-22
20
-94
-48
24
90
-24
-43
-99
100
15
15
-66
-57
74
99
2
78
-8
-8
-43
37
-5
-63
-38
-92
-88
91
-92
90
-31
-43
61
43
-6
-50
75
16
-62
3
9
21
-60
46
86
-24
-40
6
77
6
-95
28
13
-18
33
-46
53
13
-45
11
20
43
-57
-29
-65
-42
51
-22
-37
91
-92
16
52
8
68
17
54
32
65
24
81
40
80
-60
-92
-36
4
59
60
31
-65
62
50
98
66
-94
79
-56
73
31
50
-19
38
46
-72
-41
-90
-47
15
-58
-60
44
25
-65
-4
94
-88
15
-19
43
0
64
-12
38
22
28
89
66
-16
29
-81
-18
-2
-12
-35
67
74
-50
96
-18
94
-21
62
-15
-24
-23
-20
-8
10
86
3
51
-91
-28
82
46
48
25
-52
-67
-99
-53
71
-15
-58
-34
-89
92
-51
-30
26
-55
-4
-17
50
44
77
-86
-59
-29
22
-43
85
87
23
-62
-60
-89
-18
-77
64
-4
68
99
-56
74
-87
20
80
-67
-32
30
-22
62
24
-29
3
52
58
-81
-83
80
-51
-97
66
-39
-34
-50
7
-13
-87
38
-26
62
-24
54
15
-64
-75
-88
30
50
77
48
45
-85
8
-89
-26
97
-7
96
-49
89
-99
64
-99
-87
100
-36
0
-21
-38
38
69
-39
83
-96
-91
-61
72
20
-58
-92
78
53
36
-6
-45
-73
3
61
-65
15
15
22
89
-74
-98
-11
-76
36
75
34
-84
65
16
82
17
-96
-28
-18
39
-63
-13
-74
-10
2
-46
62
-29
93
-48
22
-77
41
-100
91
-24
58
23
-51
2
17
65
71
-25
90
16
19
-62
-86
12
-30
-83
20
-41
68
-14
-3
-90
72
53
-40
53
5
-85
61
17
-78
60
41
69
-66
7
67
-87
-59
-94
-98
60
27
-34
-64
24
47
-80
-64
59
-16
67
-4
-50
-14
59
-38
-94
-58
65
-22
100
-42
-74
-51
36
-76
85
47
14
88
-80
-58
-67
-10
-31
-65
-18
3
-98
-75
90
-91
-2
-65
-12
-87
76
10
-45
-34
-33
87
-23
-31
29
12
-42
79
95
77
-88
38
33
-83
73
53
43
0
-78
-28
-46
3
-98
-30
-19
-64
80
49
89
-62
86
-96
-16
-48
-39
-96
100
14
-58
40
-44
-92
-72
51
-34
-42
-37
-12
32
25
9
60
81
-66
-74
-49
24
-94
25
-89
62
-53
-23
-47
93
8
-62
-51
-64
-25
-25
13
-9
12
28
-49
-31
60
-57
90
78
42
87
28
-77
-17
70
99
58
73
27
-74
-24
37
95
74
98
-71
-35
47
-34
73
20
64
-22
-68
-19
58
12
-58
45
66
92
-39
13
35
11
-75
-48
-58
84
-36
-18
90
56
25
24
98
60
30
-61
73
25
83
47
47
-3
3
-84
-16
-41
74
77
67
-80
33
75
72
-12
12
6
-26
-72
98
-55
-16
-98
71
-90
-21
-61
-28
-66
-94
-23
35
41
-8
-35
84
-24
9
4
-88
17
-78
18
77
5
45
-28
45
-71
-75
37
29
27
-95
-77
10
18
-72
42
39
84
-3
-38
-94
56
-31
25
-22
-65
-74
59
21
-57
-94
-50
-19
7
-4
-65
48
-20
-24
63
77
83
-23
49
48
-69
91
23
-49
76
-35
3
-53
-75
50
98
78
30
67
94
10
-80
-38
33
89
5
9
-47
60
52
70
-92
-9
90
-80
-35
-67
23
25
73
44
12
87
-84
60
-2
-47
59
60
-88
-29
36
-96
-15
-19
-82
-64
5
85
31
54
22
-2
-9
-40
-95
0
-20
79
-79
94
-36
82
36
74
58
14
17
100
21
58
68
-22
47
76
-31
-64
-50
66
-18
-34
-56
-11
95
48
35
100
-11
-67
-66
14
-48
-5
-26
19
-64
-11
-32
-80
-29
41
-62
13
-63
-28
82
-29
50
-31
5
-10
39
57
32
17
19
65
-75
99
26
73
65
86
-19
64
19
74
55
-77
92
100
-46
98
-5
-50
-72
-45
53
-61
-61
-50
69
27
-79
-68
-34
100
94
58
63
63
5
44
-64
0
88
18
86
-18
-55
5
-92
-16
57
54
-34
36
93
-54
29
78
-52
-55
88
98
-30
81
-52
76
99
41
-55
-40
24
-59
38
42
-92
-33
6
-97
-10
46
-52
2
81
-27
-33
18
-45
96
40
27
81
-99
43
85
-64
56
70
-63
-79
32
-59
-14
-56
75
38
-39
-26
-58
20
-35
56
99
40
26
-12
66
15
29
29
-30
-7
-23
-61
-93
70
85
85
-31
-61
86
-48
-19
8
42
82
12
24
60
-21
-61
-65
59
-19
-52
75
-89
71
-5
-15
-6
2
-82
56
-67
-34
-9
95
52
-73
-34
7
-35
-100
-13
44
48
-55
16
64
69
73
-36
81
37
-19
12
-91
28
11
-87
70
82
73
-65
-49
-59
17
96
58
-2
37
-54
56
15
10
-52
-39
37
19
-9
-68
32
-24
4
-31
90
-8
64
-24
24
26
-94
-25
33
-74
99
-88
34
-52
-38
-92
74
-28
-40
-22
79
-56
42
5
-74
5
81
3
-9
31
2
-41
24
-46
-35
96
-95
82
-92
53
-99
-66
87
-2
95
-100
-83
-90
-94
45
78
44
-82
39
-71
-76
-26
47
-22
31
36
-65
-18
54
95
-17
64
99
-56
100
58
97
91
89
-39
-16
-40
26
13
-27
7
63
-64
-90
58
-68
41
-62
-12
-71
1
87
-100
14
-90
-26
-34
37
-89
-47
47
-10
-57
-14
-73
-23
-55
-78
45
-14
26
-84
-79
-64
95
-100
-65
-71
-12
-91
-43
-9
-55
59
-25
-13
-81
-44
4
90
-75
16
-52
27
29
51
59
-15
-84
48
-97
-77
54
78
49
-49
-69
33
-45
18
22
91
-12
11
-20
69
-5
95
56
-78
24
-63
72
14
40
96
-59
-38
45
20
14
32
7
51
51
-66
-52
-95
80
4
-32
-41
-49
9
41
-17
40
-12
61
-45
85
-81
25
34
64
30
-44
99
-74
94
37
-12
-29
-22
-37
9
90
-50
-44
37
43
12
-10
-39
-20
56
6
-59
67
14
-92
-58
-90
96
-44
95
-42
-58
85
-5
10
-67
1
99
36
7
-73
0
93
38
20
11
53
95
-63
-89
-65
44
3
75
11
-73
-5
13
24
-46
-32
-87
68
78
65
18
-85
-37
-97
72
-42
-49
1
-33
-26
-94
-85
65
92
-85
-59
-4
-100
16
72
100
-81
6
52
68
-8
5
-76
49
-93
-56
40
14
44
-8
-48
-2
-53
31
-72
-21
-32
16
-32
-9
32
-60
-29
50
27
71
45
-14
-98
13
93
9
39
49
3
-85
39
-15
72
2
31
88
95
-12
-87
-98
59
26
85
79
-91
49
7
-17
-60
-97
18
-2
74
75
-51
6
-86
15
-15
15
-77
48
74
4
-53
-89
-97
-31
58
8
12
67
33
-61
-5
-52
52
75
-91
64
-35
-19
-1
33
-5
-14
-86
-47
94
38
87
-36
28
34
-98
-59
-91
58
0
-79
78
24
-47
76
11
91
-51
-37
55
-69
-11
-39
0
47
52
0
40
48
41
99
-62
40
-37
76
21
-27
42
83
84
90
-73
52
90
-31
-94
-71
57
59
25
-82
0
-61
63
67
63
26
43
24
28
36
10
-51
30
97
88
-2
64
-36
100
42
-57
-53
-47
-10
85
73
-6
-46
34
-95
52
68
-5
-84
95
85
75
-34
37
98
49
-31
23
12
57
-17
-64
-94
-82
35
2
83
68
-78
60
83
-86
98
-52
-22
85
-22
-25
-56
7
-24
-88
-62
-10
47
70
85
-86
9
-15
-27
-49
87
81
-66
48
-30
-70
60
-23
55
-21
73
-59
50
-96
38
45
-55
29
60
-93
57
66
-74
-22
-17
-54
-32
75
-40
-43
-39
-65
-20
64
88
-85
53
18
84
13
25
17
50
21
56
-52
89
-29
-28
-20
26
66
-81
42
-49
19
91
-21
-42
41
-15
-38
-28
27
-64
72
15
-74
59
56
-58
98
-83
80
-46
38
73
-88
-50
4
90
17
80
11
62
-37
77
-6
-75
-56
-76
-5
5
-35
-26
-36
2
-32
-87
98
1
-43
-2
3
-55
50
-85
96
-84
-68
83
-35
-3
45
-13
-34
89
22
73
-76
-39
25
97
1
-88
92
-83
58
2
93
-70
82
62
58
3
-95
10
31
-55
76
-68
-73
63
14
-16
-86
-37
-99
-43
-2
75
33
49
76
-18
-33
23
58
96
62
37
-94
-91
-62
88
60
33
64
95
51
-31
42
46
-84
-80
82
66
47
-9
87
81
94
77
90
31
70
98
-44
79
48
44
-100
55
-59
-12
35
-74
-11
74
-6
84
-95
28
-18
89
-96
6
-4
50
87
18
-86
-36
-56
-30
-56
-16
49
-72
46
-30
38
-11
43
78
48
86
87
-14
83
60
86
15
-26
82
90
40
9
-77
-16
30
-11
42
-47
50
16
98
97
92
-96
79
26
-15
-28
-51
5
-17
-67
-49
-85
-99
55
-65
78
69
-3
4
66
12
61
88
97
32
-43
-94
-61
31
-6
-40
-39
-82
-43
57
-83
-95
-15
2
-99
-74
22
6
-16
-36
-98
57
16
-43
59
25
-39
-62
-28
70
24
-88
-80
80
8
-45
13
64
70
-100
1
56
-75
31
-49
12
-60
63
-78
-3
-89
-69
-38
-68
-92
85
4
-85
12
37
-60
51
-7
20
-13
-62
-27
66
-66
0
-1
-29
49
-67
-29
-26
25
29
-1
52
79
-24
-65
-56
67
-27
45
64
-28
33
18
90
-37
-65
21
-36
-33
-72
70
35
-89
-73
90
22
49
-63
-46
-68
24
55
85
31
-36
17
24
99
-71
-57
-46
39
-77
-36
-40
51
-53
45
-27
45
53
60
97
-5
-48
71
-44
-30
84
64
-20
-26
56
-60
-77
85
-83
59
91
42
8
16
14
55
-23
-65
31
-90
-16
61
-51
-58
-28
-47
-68
40
-39
-91
-75
41
15
-31
-31
11
-61
68
59
-75
-97
-69
80
-37
-50
-64
-1
32
-80
30
43
6
12
-85
17
-94
-63
-37
-33
-96
-91
72
-12
-58
81
86
52
20
60
-1
-57
73
52
30
54
-74
-75
4
-60
55
-30
40
54
-78
5
-19
-62
7
61
33
46
-96
36
-62
31
-64
63
-44
10
-71
-31
-53
15
83
3
66
-71
30
-73
-99
18
-8
-79
42
68
41
-62
73
-3
80
-61
-38
-95
41
27
-83
-20
23
-38
56
58
98
-28
55
-83
-12
64
88
-10
-16
75
27
28
-41
21
-16
83
-76
53
90
-16
63
86
-92
-95
50
30
-5
9
-27
-17
59
85
33
-83
-33
72
-22
19
14
64
-20
-9
-49
-24
67
-48
26
-23
-94
-100
9
88
3
-42
53
32
49
56
67
-40
-23
-17
35
-7
-26
-58
-1
-93
-93
-58
39
-10
56
-70
91
31
76
94
-46
-48
-51
-9
67
-92
-23
69
-59
31
25
-20
-9
-87
35
77
-66
-47
-63
-23
-68
88
89
47
9
-96
-39
-15
0
-99
-50
-66
66
1
99
95
22
71
-6
61
-46
-24
7
25
-3
-73
-96
44
-47
100
97
39
-24
-21
28
6
60
-61
-84
-91
-12
-78
55
-73
-34
-87
97
-42
-94
79
-72
4
76
43
-68
-41
-35
91
-52
85
-8
-76
52
-12
-63
-24
89
-93
-66
62
-78
-32
-8
92
-15
-35
-100
-8
46
-16
84
69
30
-63
-63
23
-57
-63
-89
10
-35
-65
13
-38
-67
0
11
-1
-2
64
-27
-56
15
-88
19
-11
35
88
72
56
26
-31
22
-46
-53
60
-21
-88
-80
-52
-63
-72
-92
-35
20
83
-55
-58
92
-6
16
-23
-58
13
-57
-97
-34
20
37
2
-49
-16
-71
-22
45
91
17
-34
8
24
63
96
94
69
55
-14
-36
-65
-57
-61
-19
-17
20
93
20
76
-23
-68
-10
-95
14
-79
32
62
39
5
-74
13
-45
-30
16
-7
100
-58
97
-8
13
90
-89
-93
30
25
6
-20
73
93
2
-11
93
-94
-18
20
29
-92
66
-17
-84
42
34
-48
-39
21
53
0
-2
50
-26
-95
-76
-60
84
34
67
8
89
71
70
94
-3
12
-57
32
56
37
-67
-79
46
98
-18
51
-16
-43
96
-21
-67
83
-54
40
-55
-24
-26
19
-45
-61
29
-86
-60
-21
-38
24
8
-21
-71
-26
87
3
-9
-44
-30
-93
57
-18
22
52
-75
-5
-70
22
-30
-64
25
33
79
90
-88
-21
-55
70
-84
1
-46
69
28
-89
60
-16
100
72
97
32
-3
60
-98
36
-35
-80
5
27
56
-39
11
54
-64
47
-1
5
-73
-53
18
-23
-32
83
-20
-43
-4
-10
11
36
-58
6
33
8
-41
27
-45
47
-60
-51
43
19
13
-77
39
-68
13
12
80
56
-92
-48
4
78
-83
-80
56
-91
-100
-25
43
-85
-5
76
59
-29
87
-82
-90
25
-74
66
97
59
21
-68
-57
-52
47
-64
-93
-32
-33
79
-14
56
42
95
71
-71
-78
-12
-42
-34
-83
58
39
96
48
-62
-52
-73
-25
13
-6
-21
88
-78
19
-77
16
-78
1
-95
96
-66
41
2
68
-2
11
-56
10
41
81
32
-39
-47
-60
-89
-97
-36
55
-96
60
-3
-77
49
-11
8
-98
-31
49
8
82
30
-60
-50
-100
-33
-34
24
52
-91
-21
42
77
-23
61
-80
-5
-43
18
-23
4
35
50
-54
-29
28
-50
15
-50
56
66
78
-37
-91
-59
-99
-4
-20
-41
71
-18
-71
-84
55
63
99
-5
71
-59
-31
93
-17
9
84
-34
-96
16
-86
29
-4
0
-41
-55
-71
8
97
81
10
19
-82
-38
85
-54
-59
-95
-44
60
-90
-80
14
97
23
-91
-51
4
53
-94
-22
2
30
16
65
46
83
-86
5
22
49
-42
10
53
-98
-65
56
-84
59
100
15
9
35
-66
37
76
38
-2
96
98
58
49
-97
71
3
-76
98
49
6
-75
57
-28
-96
64
-35
55
-48
-81
-18
-57
27
-5
-32
-39
97
-4
-10
-79
93
93
80
26
-38
-75
46
9
27
59
-37
-64
-1
15
53
66
-2
17
5
-59
56
-42
-53
-96
-71
96
81
29
-44
3
-57
23
53
-56
8
35
12
-100
-40
59
21
95
3
35
60
-18
9
-59
29
-93
69
-22
7
-61
88
42
-98
87
29
17
58
-17
-45
59
72
-29
-19
24
-10
-27
-12
1
-42
20
-27
86
14
92
-38
79
1
51
69
37
84
50
45
-83
-24
45
98
16
-53
54
81
-41
13
23
-66
-33
28
-38
6
46
-95
82
-33
79
61
73
28
41
5
-14
-37
50
-67
5
12
-13
58
28
67
18
49
90
99
-64
-40
95
5
69
1
-49
-49
-52
-59
20
-67
19
8
0
64
94
32
-37
39
-47
79
93
-54
-88
94
77
-5
-31
-63
-55
83
-97
56
-12
73
-67
6
-31
-11
83
-13
-37
67
79
-1
-23
76
15
-3
-86
39
-100
87
-44
-15
81
-91
82
95
-6
-37
-69
-2
64
-35
-86
-13
32
-26
83
-15
73
87
21
-92
-51
89
-23
80
-46
100
22
59
-69
-40
-50
39
-32
51
39
-54
-81
-97
-59
-45
-32
62
13
25
-20
-41
71
7
98
-33
53
-36
-8
36
-14
-26
-55
-52
-10
89
26
6
-88
0
47
-61
-66
-40
-26
-61
-90
24
-62
-27
29
32
-75
37
22
-16
-18
-98
-56
-5
0
48
-21
14
-90
21
90
-59
57
-82
-92
55
-76
-60
62
70
29
42
39
-43
-86
56
85
-87
-2
-38
-14
44
66
48
75
-3
1
-70
-67
-1
81
-16
88
83
2
-93
42
-10
43
-39
-35
47
-46
13
-78
8
-60
-87
50
-84
-66
10
-26
70
-42
-8
-7
-20
97
75
-77
97
-50
-32
33
33
68
81
-48
-42
44
-3
-11
-21
-88
-15
33
82
-33
-82
-54
-1
-96
-67
65
53
-45
22
7
-72
-27
60
-75
69
21
73
59
-80
89
-19
-69
67
-70
47
91
8
25
-72
-55
-69
7
-68
-64
-39
-25
33
71
65
-16
-70
-47
87
42
-66
30
15
3
98
-3
67
83
-49
49
19
14
76
-91
37
-58
12
12
70
38
-22
11
62
-75
-15
-55
-54
0
-46
59
-67
86
98
0
-71
-90
-23
-31
7
-71
91
-1
56
42
47
-9
4
41
74
-95
57
-49
-12
98
70
17
-91
52
16
-94
21
-65
-12
-63
18
-82
95
32
-82
-62
-97
-88
-29
-5
-48
88
68
-53
-74
53
80
-33
-34
-26
35
-60
17
-46
56
-90
-2
-94
99
-48
-59
-63
41
-28
54
49
-43
97
-71
-53
63
79
-6
95
-39
38
87
-31
-85
-75
-23
32
1
44
-32
19
-98
-87
-30
-77
21
-90
96
-19
-12
-68
86
-93
-33
41
-70
29
54
-17
82
88
80
15
-87
78
19
-80
46
-64
-60
-49
-92
53
-23
-41
-94
-93
98
57
-36
99
-22
19
56
8
71
18
-19
-78
-79
-55
26
100
-52
-38
-15
76
-72
-49
-5
86
-52
16
9
53
40
-93
-4
100
-15
-39
-10
6
-81
35
-70
1
9
71
-28
78
25
33
2
-35
28
-38
-32
-3
-82
54
-60
92
-26
79
58
16
28
93
-81
28
-11
69
60
-60
-76
-58
100
-13
-56
-14
-74
91
-57
-1
-1
98
89
50
-97
39
-30
-88
-44
81
-97
-92
94
62
24
-80
42
75
85
-56
-96
61
-51
82
27
-92
74
-77
72
24
-1
9
24
16
5
-5
5
-59
55
83
-32
-59
25
-96
61
95
41
93
-54
-14
-68
100
88
-88
59
-62
36
6
-9
-42
-20
-49
18
-63
1
-70
-57
33
-43
-2
28
82
17
96
80
-32
-6
-3
80
57
-28
-51
-57
24
17
41
45
-77
-50
-39
-63
36
68
82
50
34
-32
-8
-83
-87
-97
57
-50
63
53
68
-78
-2
69
63
-100
24
-55
-42
-72
-88
-96
86
-31
5
-44
-99
-38
54
-62
-29
79
65
32
29
92
33
-80
96
-68
32
-54
-10
-8
83
-100
-41
-90
-78
-42
-69
59
-63
-35
8
51
-13
-7
-30
63
-62
18
63
-99
3
-68
89
58
-22
-74
52
86
-16
-42
100
-65
64
51
29
-92
-56
77
-4
18
55
-78
1
-80
-6
-82
73
17
-80
-78
-66
-63
52
-100
93
-87
62
19
25
83
88
10
-45
-21
60
62
75
-56
100
-65
43
84
50
-15
49
-62
76
84
70
-47
-35
-17
70
-70
-89
-61
-64
42
10
-6
-33
-51
-71
9
-38
-43
28
-9
47
-14
55
1
-71
52
73
89
-80
97
63
-96
68
-62
30
40
66
60
21
52
-1
6
-88
-71
-7
-100
28
-29
78
-28
0
51
81
89
-41
80
-49
56
-38
77
-86
-34
87
-9
-42
-74
-99
-69
41
-86
61
-94
30
-71
31
-49
-14
-45
-28
11
-74
69
83
91
48
-86
-20
-21
-81
-78
16
51
21
-50
-22
-93
-27
42
74
87
-65
-93
-14
48
-54
13
65
50
84
6
1
0
-58
-33
-29
80
-10
-60
78
20
41
29
35
-97
-37
70
-74
-85
-51
28
-4
-55
-68
-22
18
-46
21
23
-81
-100
-49
61
58
19
90
72
50
-32
-6
-93
78
38
-48
72
-84
-95
57
56
-68
-89
41
-32
2
-35
-68
-1
-92
4
-64
-96
63
62
-44
14
-67
48
-68
7
41
-99
-17
71
-18
-7
28
76
23
99
68
-57
-59
90
6
-86
-4
-60
30
43
-65
-5
58
73
-12
-98
32
0
33
58
-50
68
-44
-1
58
69
-67
-53
-97
39
-26
-17
43
-50
90
-47
69
-87
-73
-71
-51
-85
5
-62
-75
-96
-65
-10
77
-5
73
-52
-24
71
-5
-52
-43
11
38
63
100
96
-95
-33
-69
45
7
45
78
-66
-59
-94
-52
-71
-52
-25
29
79
-90
-89
-88
-99
35
12
3
88
-58
30
-21
16
-41
-91
67
73
76
-3
-32
-86
57
-40
99
85
-73
-24
-33
-20
-56
-19
43
68
86
35
12
-75
-7
-28
98
-54
4
26
-23
4
-87
-11
-12
73
-70
58
-16
-89
50
93
33
58
-4
27
14
74
-38
-80
-69
-58
14
95
42
-5
24
-62
-27
57
3
81
44
-58
58
-7
2
31
-8
-35
58
-38
70
-3
-64
-80
30
-93
-1
-63
-87
18
36
-12
62
-79
-35
100
-26
-14
-49
-68
55
-44
-91
-88
46
14
46
-73
55
16
33
11
13
-35
-91
-73
-93
5
76
-15
-78
50
81
11
36
-59
99
18
-6
-17
-31
11
23
-3
67
-18
-47
-45
-98
-1
52
-50
-27
41
-3
6
-85
-92
24
36
-4
-34
-54
29
40
-93
50
69
-41
-63
3
5
42
-59
-1
99
39
-63
-13
-22
-34
34
60
9
-34
46
53
-10
-27
-97
39
-21
-23
77
-90
-86
-41
-74
71
48
66
0
-2
62
-77
76
56
61
83
32
83
94
100
-40
-98
47
37
-33
51
-64
65
-69
-27
-26
-31
18
38
81
5
25
-31
73
-20
-41
85
-35
-37
40
91
99
94
23
-40
31
-42
39
-78
-34
59
-8
-90
-82
-38
-88
23
-23
87
-70
-55
-7
62
-91
3
-22
-49
75
-97
86
81
78
1
34
74
-25
10
99
89
-78
79
54
-45
67
-52
100
-72
48
71
-30
-78
58
52
61
20
51
34
95
98
93
33
-55
63
8
7
85
25
-7
29
-21
33
-55
-31
-2
-76
-52
-72
-14
-28
21
-13
64
38
-34
-87
32
-24
29
-35
50
31
-13
-56
28
-87
43
34
77
46
-100
-90
-55
8
68
36
64
30
-74
93
46
-7
-85
82
-50
-57
-52
61
14
-54
-55
74
89
-79
92
60
75
3
25
-82
-68
73
82
-67
33
-16
-66
56
1
-16
30
-93
-58
-94
96
78
-100
53
-44
94
61
67
67
-38
43
-30
12
35
-26
-63
41
42
58
30
84
49
53
79
18
-46
13
-10
99
-5
10
17
46
-92
-48
-1
-49
-18
11
12
26
85
8
-25
-7
1
-39
45
47
-61
-79
61
-58
-2
39
-99
-38
-15
-11
35
-58
81
-46
-86
-2
90
-9
47
-66
100
38
0
60
25
-18
79
-2
-86
-50
-43
-72
27
-43
80
-18
-54
42
-23
91
-53
-11
63
78
-100
52
-25
-31
-34
-32
-49
17
53
-3
-99
-54
-49
73
27
65
-97
-6
-86
2
-99
53
-22
-47
51
34
-39
-85
-94
-75
51
-53
-96
58
-77
25
12
-55
100
-5
-76
71
1
9
-24
83
-64
42
94
-3
-72
-78
-89
21
43
27
23
64
-4
85
-87
27
62
77
-31
-58
-43
72
-94
10
-74
-79
-9
-4
-94
8
-90
47
-23
-39
32
-83
-35
27
-15
-78
-40
-96
77
81
-92
-16
15
77
-84
-16
-55
30
9
-74
48
50
-39
-45
-14
32
81
-56
-37
-91
-73
34
-76
21
-41
51
-27
57
88
-16
39
-14
52
28
-4
-56
-47
-28
-98
93
-10
22
96
33
20
-54
-83
-63
-22
8
-13
-53
39
52
-37
-26
-29
48
59
-27
-27
94
47
-27
-64
22
-25
-84
68
93
30
-83
-19
65
-6
51
34
-26
-40
84
26
-90
7
75
-1
-69
-29
-7
27
-23
-24
-46
-37
-25
72
-90
-92
11
64
-56
-76
11
42
75
59
-91
84
-36
0
67
-100
1
-10
18
-39
44
60
13
36
-55
-89
94
-4
33
-85
-99
-60
-78
20
16
50
-23
-55
-12
-65
20
-46
81
53
-60
43
-52
-55
-75
67
-16
-36
73
73
-78
-60
-20
92
-16
-44
-40
-17
89
-45
-58
-54
30
70
-94
8
-83
-81
90
-62
-72
54
22
-78
24
65
58
-94
-49
60
-38
-41
-91
47
-77
-46
-59
-86
-93
-99
30
18
47
32
51
-57
-86
-90
-64
76
81
-29
-75
-42
74
56
-49
15
26
-55
50
79
46
-91
-31
16
-2
90
-70
73
26
-48
25
-52
-72
52
7
64
68
55
-91
-51
-61
-34
13
53
-93
10
-54
71
25
87
-1
-33
-49
-20
-74
-29
46
85
-69
-42
-73
2
-36
-71
-68
-1
-94
-57
-51
-42
31
-43
-90
78
80
86
-82
-1
72
-57
-75
-78
80
24
-53
51
82
-100
16
93
26